96.027436 222.077192 57.363145 
95.669401 221.011471 78.591935 
95.211982 216.948802 99.542444 
95.148439 210.199636 119.181560 
95.590860 198.381878 136.100827 
95.812265 182.776853 150.860673 
95.683902 165.255685 162.157611 
96.198929 146.874398 169.950133 
95.590687 127.000190 177.670929 
96.607580 106.446022 180.954934 
96.630567 84.899112 179.006492 
96.434197 65.474694 171.030575 
96.068864 49.137051 157.668939 
95.856064 35.983211 142.153475 
96.154336 24.983513 123.559179 
96.101953 18.174812 104.758286 
94.596044 14.003164 83.545871 
95.196106 12.993364 62.188658 
94.972939 14.961937 41.604979 
11.970540 115.766568 47.592697 
11.973439 114.261212 66.579940 
12.042091 112.950050 86.716289 
13.983387 111.721850 107.055244 
17.949162 110.594142 126.372693 
28.014422 110.390358 143.435178 
41.709801 108.141119 157.492142 
58.205669 107.355140 169.767633 
76.615129 107.069106 177.009501 
116.014018 107.056445 176.505379 
133.373278 107.283109 169.197147 
150.535085 107.452693 158.003196 
164.008429 108.423803 143.458957 
173.979192 110.218844 125.864900 
177.980516 111.117729 106.740660 
179.989180 111.952153 87.589771 
179.948339 114.280107 67.259720 
179.998676 114.677762 47.866052 
81.169376 218.986206 77.214152 
67.930175 214.394173 77.220313 
55.802511 207.175306 76.090868 
44.054349 197.699486 74.025836 
34.671999 186.056828 74.295631 
27.021477 173.407798 71.567770 
21.971664 159.394223 69.843010 
18.033231 144.928888 68.352051 
14.993178 130.473453 67.647223 
12.024827 101.444559 66.083141 
13.059592 86.541452 63.929662 
17.971025 74.326696 63.422904 
23.764148 60.363059 62.826604 
31.264872 48.169250 62.359393 
41.922633 36.593266 62.602135 
52.969786 27.028605 61.705402 
65.834110 19.817577 61.888977 
79.125641 14.933348 62.156228 
109.993536 218.993951 77.984263 
123.787619 214.886661 77.623684 
137.195467 206.864403 76.798046 
148.779110 196.852644 74.812596 
157.829698 185.809910 73.091053 
164.971460 172.760841 72.725272 
170.211113 159.264153 70.741054 
174.016696 144.946931 69.788808 
176.976727 130.519451 68.886801 
181.763924 101.328337 65.862306 
178.985127 86.647417 65.173562 
173.189749 72.760141 64.069375 
167.906591 58.464793 63.249766 
159.505511 46.307994 62.084425 
148.954690 35.488614 61.977855 
137.554330 26.045796 61.344127 
125.218355 18.993564 62.246586 
110.363615 14.913710 61.581197 
28.999144 175.348184 85.250452 
33.102415 176.897629 97.872231 
38.428530 177.988470 111.461660 
46.449689 179.701396 122.857009 
56.963875 181.474744 132.820054 
68.033090 181.706595 141.927891 
80.386139 182.040322 148.375612 
108.691315 182.556560 148.891870 
121.701246 181.599636 143.751549 
133.138368 181.035693 134.884088 
142.908320 180.028556 125.962050 
151.999376 177.498229 114.530740 
158.168310 176.098414 101.673478 
162.385431 175.087837 87.787930 
25.062679 56.295909 77.102210 
28.799566 51.798415 91.084240 
33.134690 48.248346 105.406382 
41.082236 44.175971 117.035606 
51.252132 40.558237 126.975132 
64.662056 37.812164 135.212611 
78.839720 37.158165 140.830088 
109.584559 36.035364 139.898262 
123.975120 37.034566 135.576534 
136.758125 39.191298 129.530660 
148.027805 41.906319 118.943741 
155.959993 45.443244 106.482885 
161.019357 49.534053 93.636362 
165.164155 53.703518 79.541984 
47.061707 199.653108 82.416661 
51.130573 202.161240 89.922573 
56.240285 204.672766 97.580845 
62.091277 206.073299 104.943828 
69.761648 207.959299 109.484668 
77.578337 208.953102 114.621109 
86.877766 210.264680 116.683800 
104.198466 210.054742 118.176735 
114.324941 208.974433 115.636947 
121.149427 208.036324 110.499740 
129.946807 205.476895 106.532054 
134.983896 204.460328 99.074714 
140.515105 201.919375 91.219349 
145.493673 198.979698 83.778247 
45.061508 32.382584 70.866155 
48.465263 28.990985 79.035298 
53.008702 26.558675 86.534851 
59.736412 23.771216 93.355313 
67.553204 22.021386 98.299877 
76.033110 20.025666 102.611887 
85.784011 18.663352 103.082307 
105.238207 18.990531 104.091967 
113.394388 19.062552 101.300582 
121.637541 20.956532 97.367273 
131.288184 22.990426 93.506011 
137.064835 25.691961 87.442176 
141.744434 28.010533 78.615409 
145.734377 31.216016 71.328495 
18.019499 145.057954 85.988642 
20.085675 145.408748 103.444534 
26.093165 146.323095 120.641727 
35.434401 146.632127 135.002392 
47.422476 146.336014 148.122414 
61.290230 146.670019 159.810987 
77.892700 147.126012 167.027542 
112.365560 147.445946 167.994717 
128.748985 146.400891 160.912910 
142.416956 146.183369 150.258657 
155.192074 145.356825 137.265385 
164.826817 145.691016 123.549964 
171.023894 145.725645 105.621474 
173.255707 146.084797 89.125772 
15.737654 81.820120 82.360937 
17.794941 78.808334 101.205429 
21.336901 75.957628 119.176841 
29.682456 72.940563 135.525199 
42.117413 69.536370 148.718525 
57.854121 67.310428 161.099087 
75.856688 66.631259 168.369837 
113.032523 65.726005 169.024198 
131.064112 66.650119 162.516032 
147.084377 69.256408 151.972583 
160.180060 72.692787 138.400313 
169.186120 75.156680 122.044596 
173.925326 78.421932 104.317176 
176.027332 82.571460 85.566068 
14.943355 130.087165 86.005609 
17.082809 129.343211 105.641930 
21.049607 128.177375 123.724806 
30.788176 127.927979 139.820288 
44.038424 127.646098 153.649194 
59.013076 128.069859 164.858616 
76.554731 126.406933 173.031022 
113.486132 125.936590 174.023141 
131.091352 127.413905 165.983535 
145.980359 127.343122 155.498416 
159.699635 128.063410 141.927932 
169.878128 128.899456 125.771211 
174.965720 129.526255 107.097490 
177.000790 129.767204 89.068540 
11.987258 99.104451 86.204065 
13.951793 95.186745 105.394855 
18.031024 93.384462 124.352684 
27.784451 89.544164 142.222232 
41.185806 88.311013 156.751084 
57.741743 87.130249 168.243397 
75.730000 85.707850 175.301054 
115.351286 85.098031 175.997358 
134.241722 85.396861 168.179099 
150.218383 88.477604 157.172851 
163.952678 90.555800 142.581461 
173.253490 92.964257 125.804807 
177.946240 95.662900 105.329290 
179.971319 98.008067 86.001026 
22.811494 160.577812 86.150394 
25.110293 160.732415 102.100923 
31.910264 162.530468 116.342266 
40.815275 163.312098 130.401233 
51.654706 164.271336 142.150309 
65.340168 165.364467 151.855745 
79.771644 165.748878 158.839262 
111.639481 165.015926 159.433466 
126.019976 164.522323 152.368367 
139.089451 163.279512 144.083152 
149.590179 164.281896 131.999862 
159.581640 161.926790 118.425485 
165.997914 161.535594 104.391072 
169.026965 161.238626 88.247873 
19.181243 70.235254 80.094120 
21.971820 65.822573 96.074135 
26.202414 61.277976 112.558613 
34.893559 56.933286 127.183718 
46.259089 53.742249 139.906883 
60.475060 52.024263 150.434391 
76.663431 50.235831 155.889569 
110.826202 49.306368 156.521359 
127.276397 50.827452 151.467137 
141.779406 51.711043 141.082237 
154.271413 55.424174 130.157813 
164.040023 59.711569 115.274038 
169.071562 63.857007 99.874250 
171.173836 67.721174 83.409960 
37.167825 187.703078 85.407387 
41.983475 190.534664 95.629934 
47.334888 191.857529 105.553667 
54.921583 194.510900 115.349316 
63.365858 195.771593 123.766389 
72.943449 197.717193 129.030376 
83.685536 198.810728 133.712497 
106.903824 197.762142 134.767198 
118.495055 197.193337 130.237203 
128.213506 196.331556 123.446948 
137.062750 194.380475 115.525959 
143.605043 192.881411 105.823684 
149.224088 191.230927 95.960003 
153.972631 188.452766 85.731327 
33.317777 44.062017 73.566365 
37.247638 40.175018 84.881463 
42.582408 35.928266 95.623883 
50.124887 32.348952 104.471583 
59.905262 29.144564 112.766833 
71.301044 27.030674 117.913632 
82.324783 26.085534 121.961371 
107.221071 25.861809 121.637191 
118.832495 26.747762 117.936360 
129.771683 28.042111 112.672377 
140.277734 31.402317 106.050613 
146.500246 33.944691 95.386888 
152.645806 37.374708 85.843263 
157.405419 42.006594 75.277545 
61.829063 210.964745 85.781331 
71.783064 214.149342 92.885786 
84.446151 216.101779 98.263164 
109.465469 216.040924 97.975616 
119.637009 214.730896 93.729362 
130.737929 210.544317 85.749651 
61.166638 21.220511 69.677974 
69.863206 17.558487 78.296367 
82.392578 15.042509 81.980417 
108.045463 15.009063 81.922166 
120.980415 17.030665 78.078268 
130.774575 21.046139 70.906115 
81.181672 220.962553 57.611000 
67.271271 215.825065 56.575936 
54.202533 209.859079 56.495048 
43.599703 199.994429 55.689164 
34.808993 187.198736 54.563687 
28.007066 175.195804 52.486699 
21.345648 160.937825 51.467940 
18.040052 147.027886 50.169383 
16.012303 131.919238 48.844452 
10.016159 102.571202 45.933478 
7.970511 89.349584 45.770937 
17.962841 78.243973 45.765755 
24.070413 64.297340 43.347682 
31.940253 51.557985 43.644376 
41.088111 41.280295 42.309970 
52.417286 30.072698 42.018167 
64.683027 22.888631 41.939129 
78.681650 17.010258 41.981741 
110.957550 220.995748 56.964281 
123.961850 215.823645 56.858231 
138.200440 209.184756 56.424922 
148.742909 199.779627 54.839636 
157.996436 186.779741 53.538888 
164.118633 174.217311 51.609743 
170.894059 160.597673 51.223793 
174.046399 146.161086 49.724184 
175.997728 130.947652 49.372779 
181.967021 102.562744 47.146709 
183.984433 88.294434 45.608484 
174.637238 76.097781 45.443940 
168.213762 63.917135 44.253130 
158.933834 50.463722 43.128127 
148.786417 39.131054 43.089051 
138.659074 29.050952 41.259132 
125.325919 21.974256 41.487034 
110.972667 17.022347 40.562489 
