96.027436 222.077192 57.363145 
95.937298 220.525093 67.678856 
95.669401 221.011471 78.591935 
95.637890 218.891266 89.301513 
95.211982 216.948802 99.542444 
95.257698 213.773081 109.447001 
95.148439 210.199636 119.181560 
95.268219 204.497581 127.817784 
95.590860 198.381878 136.100827 
95.624789 190.428792 143.139684 
95.812265 182.776853 150.860673 
95.939837 173.730443 156.124064 
95.683902 165.255685 162.157611 
95.927376 155.621063 165.963158 
96.198929 146.874398 169.950133 
96.231056 136.560206 173.507100 
95.590687 127.000190 177.670929 
96.168770 116.415974 178.788169 
96.607580 106.446022 180.954934 
96.665743 95.624949 179.615956 
96.630567 84.899112 179.006492 
96.093730 75.413784 174.966507 
96.434197 65.474694 171.030575 
96.457058 57.187135 164.327576 
96.068864 49.137051 157.668939 
95.888664 42.549677 149.728027 
95.856064 35.983211 142.153475 
96.017593 30.883005 132.617897 
96.154336 24.983513 123.559179 
96.048462 22.106067 113.857043 
96.101953 18.174812 104.758286 
95.154293 16.425614 93.667439 
94.596044 14.003164 83.545871 
95.140646 13.598554 73.011991 
95.196106 12.993364 62.188658 
94.972939 14.961937 41.604979 
11.970540 115.766568 47.592697 
11.973439 114.261212 66.579940 
12.042091 112.950050 86.716289 
13.680503 112.000885 96.789833 
13.983387 111.721850 107.055244 
16.075348 110.602898 116.401260 
17.949162 110.594142 126.372693 
23.012948 110.526848 134.795461 
28.014422 110.390358 143.435178 
35.470103 109.105138 150.160431 
41.709801 108.141119 157.492142 
50.057272 107.886009 163.254280 
58.205669 107.355140 169.767633 
67.662316 107.312950 172.771065 
76.615129 107.069106 177.009501 
86.952057 106.996475 178.868454 
106.257801 106.757088 178.592034 
116.014018 107.056445 176.505379 
124.836113 107.123444 172.636284 
133.373278 107.283109 169.197147 
141.916450 107.410347 163.345368 
150.535085 107.452693 158.003196 
156.781454 107.787346 150.399791 
164.008429 108.423803 143.458957 
169.389755 109.298139 134.609110 
173.979192 110.218844 125.864900 
176.114860 110.982941 116.409824 
177.980516 111.117729 106.740660 
178.827713 111.354477 96.706192 
179.989180 111.952153 87.589771 
179.948339 114.280107 67.259720 
179.998676 114.677762 47.866052 
88.772873 219.326553 78.139179 
81.169376 218.986206 77.214152 
74.412323 216.330607 77.182844 
67.930175 214.394173 77.220313 
61.670213 210.553548 76.834155 
55.802511 207.175306 76.090868 
50.072495 202.429199 75.360245 
44.054349 197.699486 74.025836 
39.604671 191.579880 73.997068 
34.671999 186.056828 74.295631 
31.207746 179.408409 73.167598 
27.021477 173.407798 71.567770 
24.637825 166.525970 71.003483 
21.971664 159.394223 69.843010 
20.427660 152.094996 69.167157 
18.033231 144.928888 68.352051 
17.063946 137.502258 67.829102 
14.993178 130.473453 67.647223 
14.072560 121.972153 67.054234 
12.520211 107.805031 66.501999 
12.024827 101.444559 66.083141 
12.402506 93.612274 64.927330 
13.059592 86.541452 63.929662 
16.530528 80.939232 63.974630 
17.971025 74.326696 63.422904 
20.981107 67.668965 62.957424 
23.764148 60.363059 62.826604 
27.862773 54.342411 62.720420 
31.264872 48.169250 62.359393 
37.094724 42.588722 62.547493 
41.922633 36.593266 62.602135 
47.460894 32.301516 62.415434 
52.969786 27.028605 61.705402 
59.220127 24.010477 61.897617 
65.834110 19.817577 61.888977 
72.323372 17.868578 61.661777 
79.125641 14.933348 62.156228 
86.833532 14.323599 61.960267 
102.984535 219.376419 78.310928 
109.993536 218.993951 77.984263 
116.650623 216.741073 77.363289 
123.787619 214.886661 77.623684 
130.220856 210.549789 77.332535 
137.195467 206.864403 76.798046 
142.671097 201.566833 75.672081 
148.779110 196.852644 74.812596 
152.596504 191.160248 74.034420 
157.829698 185.809910 73.091053 
160.828575 179.240723 72.745475 
164.971460 172.760841 72.725272 
167.526344 165.850891 72.121842 
170.211113 159.264153 70.741054 
171.784890 152.324081 70.150917 
174.016696 144.946931 69.788808 
174.970927 137.670075 69.581258 
176.976727 130.519451 68.886801 
177.888397 122.271177 68.121033 
180.384812 107.612354 66.349816 
181.763924 101.328337 65.862306 
180.597458 93.886637 65.636851 
178.985127 86.647417 65.173562 
175.197273 80.208351 64.657181 
173.189749 72.760141 64.069375 
170.181381 65.555611 63.547554 
167.906591 58.464793 63.249766 
163.337997 53.013496 62.921013 
159.505511 46.307994 62.084425 
154.034408 41.627144 61.918244 
148.954690 35.488614 61.977855 
143.149612 31.108931 61.584652 
137.554330 26.045796 61.344127 
131.126396 23.071630 61.746534 
125.218355 18.993564 62.246586 
117.718784 17.230857 61.680769 
110.363615 14.913710 61.581197 
102.904477 13.891686 61.879233 
28.999144 175.348184 85.250452 
31.699446 176.168259 91.589020 
33.102415 176.897629 97.872231 
36.133823 177.140457 104.764587 
38.428530 177.988470 111.461660 
42.991680 178.143372 116.893005 
46.449689 179.701396 122.857009 
51.816852 180.105339 127.372269 
56.963875 181.474744 132.820054 
62.595022 181.310409 136.933808 
68.033090 181.706595 141.927891 
74.482693 181.531280 144.788704 
80.386139 182.040322 148.375612 
88.455521 182.041153 149.339539 
102.602715 182.380569 149.348053 
108.691315 182.556560 148.891870 
115.005333 181.575612 145.930028 
121.701246 181.599636 143.751549 
127.125214 180.930031 139.204322 
133.138368 181.035693 134.884088 
137.369934 180.219856 130.188324 
142.908320 180.028556 125.962050 
147.014313 178.451935 120.020420 
151.999376 177.498229 114.530740 
154.835426 176.520188 108.046589 
158.168310 176.098414 101.673478 
160.021515 175.363113 94.607975 
162.385431 175.087837 87.787930 
25.062679 56.295909 77.102210 
27.536765 54.462967 84.301544 
28.799566 51.798415 91.084240 
31.446739 50.423755 98.452072 
33.134690 48.248346 105.406382 
37.710625 46.527424 111.185387 
41.082236 44.175971 117.035606 
46.297738 42.541223 121.836787 
51.252132 40.558237 126.975132 
58.086322 39.740877 131.212097 
64.662056 37.812164 135.212611 
72.204490 37.827890 137.614411 
78.839720 37.158165 140.830088 
87.524879 37.018558 141.068260 
102.849731 36.326641 140.482971 
109.584559 36.035364 139.898262 
116.784588 37.078865 137.792015 
123.975120 37.034566 135.576534 
130.067504 38.238643 132.208862 
136.758125 39.191298 129.530660 
142.066056 40.855682 123.948436 
148.027805 41.906319 118.943741 
151.780525 44.373156 112.445449 
155.959993 45.443244 106.482885 
158.138443 47.665682 100.114048 
161.019357 49.534053 93.636362 
162.713002 51.688106 86.573054 
165.164155 53.703518 79.541984 
47.061707 199.653108 82.416661 
49.631804 200.356216 86.070951 
51.130573 202.161240 89.922573 
54.003857 202.858765 93.140823 
56.240285 204.672766 97.580845 
59.717178 205.001907 100.837852 
62.091277 206.073299 104.943828 
66.025776 206.396469 107.283985 
69.761648 207.959299 109.484668 
74.074509 208.192856 111.626106 
77.578337 208.953102 114.621109 
82.513435 209.285660 115.141777 
86.877766 210.264680 116.683800 
91.208378 209.864403 117.545818 
99.312820 209.688339 118.332932 
104.198466 210.054742 118.176735 
109.231964 208.669011 116.369158 
114.324941 208.974433 115.636947 
117.535525 207.815984 112.671537 
121.149427 208.036324 110.499740 
125.503968 206.152145 108.523136 
129.946807 205.476895 106.532054 
131.990288 204.425956 102.959648 
134.983896 204.460328 99.074714 
137.538063 202.707413 94.730369 
140.515105 201.919375 91.219349 
142.632812 200.012878 87.195446 
145.493673 198.979698 83.778247 
45.061508 32.382584 70.866155 
47.099631 31.032178 74.824557 
48.465263 28.990985 79.035298 
51.090214 28.198460 83.017078 
53.008702 26.558675 86.534851 
56.601197 25.562627 89.632030 
59.736412 23.771216 93.355313 
63.915554 23.225135 95.664157 
67.553204 22.021386 98.299877 
71.868580 21.641194 100.189267 
76.033110 20.025666 102.611887 
81.080082 19.996817 102.742615 
85.784011 18.663352 103.082307 
91.150688 18.917562 103.579506 
100.346649 19.124331 104.199013 
105.238207 18.990531 104.091967 
109.560875 19.626431 102.379799 
113.394388 19.062552 101.300582 
117.580414 20.590249 99.197948 
121.637541 20.956532 97.367273 
126.377117 22.469055 95.169029 
131.288184 22.990426 93.506011 
134.064809 24.823160 90.371236 
137.064835 25.691961 87.442176 
139.055461 26.997851 83.002876 
141.744434 28.010533 78.615409 
143.538050 29.844151 75.239387 
145.734377 31.216016 71.328495 
18.019499 145.057954 85.988642 
19.513994 144.933632 95.112110 
20.085675 145.408748 103.444534 
23.335352 145.647049 112.016174 
26.093165 146.323095 120.641727 
31.155732 146.715164 127.583374 
35.434401 146.632127 135.002392 
41.505470 146.241860 141.212722 
47.422476 146.336014 148.122414 
54.592982 146.424134 153.599586 
61.290230 146.670019 159.810987 
70.140968 146.808929 162.828918 
77.892700 147.126012 167.027542 
86.791412 146.791779 168.637024 
104.350025 147.093223 168.741447 
112.365560 147.445946 167.994717 
120.059101 146.367553 163.663505 
128.748985 146.400891 160.912910 
135.183579 146.187889 155.441024 
142.416956 146.183369 150.258657 
148.337311 145.621231 143.710304 
155.192074 145.356825 137.265385 
159.656495 145.324943 130.430420 
164.826817 145.691016 123.549964 
167.706085 145.708405 114.397316 
171.023894 145.725645 105.621474 
172.078659 145.768799 97.011581 
173.255707 146.084797 89.125772 
15.737654 81.820120 82.360937 
17.567440 80.207581 91.768191 
17.794941 78.808334 101.205429 
20.065027 77.028557 110.157563 
21.336901 75.957628 119.176841 
25.814532 74.442707 127.259598 
29.682456 72.940563 135.525199 
35.925995 71.703064 142.036133 
42.117413 69.536370 148.718525 
50.203482 68.452213 154.696411 
57.854121 67.310428 161.099087 
66.885032 66.992558 164.586036 
75.856688 66.631259 168.369837 
86.163410 66.261428 169.621170 
104.465683 65.963428 169.706467 
113.032523 65.726005 169.024198 
122.153356 66.350169 165.333776 
131.064112 66.650119 162.516032 
139.221145 68.454037 156.940750 
147.084377 69.256408 151.972583 
152.967743 70.940529 144.885727 
160.180060 72.692787 138.400313 
164.541204 73.914958 130.266144 
169.186120 75.156680 122.044596 
171.468132 76.931263 113.370151 
173.925326 78.421932 104.317176 
174.735601 80.674512 95.020160 
176.027332 82.571460 85.566068 
14.943355 130.087165 86.005609 
16.012932 129.681648 95.647320 
17.082809 129.343211 105.641930 
19.107816 128.485214 114.361576 
21.049607 128.177375 123.724806 
26.031340 128.137395 131.485433 
30.788176 127.927979 139.820288 
38.008339 127.573871 146.591468 
44.038424 127.646098 153.649194 
51.806126 127.722847 159.099106 
59.013076 128.069859 164.858616 
67.876778 127.320343 168.509109 
76.554731 126.406933 173.031022 
86.079319 126.841320 175.400643 
104.877357 126.477413 175.581429 
113.486132 125.936590 174.023141 
122.346272 126.786114 169.497658 
131.091352 127.413905 165.983535 
138.336884 127.476341 160.723160 
145.980359 127.343122 155.498416 
152.706212 127.500766 148.199203 
159.699635 128.063410 141.927932 
164.275864 128.177887 133.867752 
169.878128 128.899456 125.771211 
172.231446 129.072677 116.366444 
174.965720 129.526255 107.097490 
175.755936 129.413025 97.970177 
177.000790 129.767204 89.068540 
11.987258 99.104451 86.204065 
13.976449 97.092022 95.682709 
13.951793 95.186745 105.394855 
16.469992 94.333044 114.707639 
18.031024 93.384462 124.352684 
22.924417 91.583542 133.177673 
27.784451 89.544164 142.222232 
34.948035 89.357834 148.902578 
41.185806 88.311013 156.751084 
49.750244 87.753998 162.508583 
57.741743 87.130249 168.243397 
66.596764 86.265617 171.898865 
75.730000 85.707850 175.301054 
86.231125 85.235278 177.175705 
106.019493 84.993782 177.203003 
115.351286 85.098031 175.997358 
124.903717 85.670819 172.001923 
134.241722 85.396861 168.179099 
142.142293 86.988543 162.325709 
150.218383 88.477604 157.172851 
156.718514 89.681275 149.438645 
163.952678 90.555800 142.581461 
168.573281 91.588100 134.251876 
173.253490 92.964257 125.804807 
175.928268 94.368690 115.398361 
177.946240 95.662900 105.329290 
178.601959 96.777888 95.606194 
179.971319 98.008067 86.001026 
22.811494 160.577812 86.150394 
24.521221 160.379323 94.041812 
25.110293 160.732415 102.100923 
28.977052 161.559181 109.120209 
31.910264 162.530468 116.342266 
36.576824 163.051323 123.325299 
40.815275 163.312098 130.401233 
46.729862 163.900620 135.724586 
51.654706 164.271336 142.150309 
58.709383 165.076676 146.628579 
65.340168 165.364467 151.855745 
73.121338 165.053253 155.141616 
79.771644 165.748878 158.839262 
87.636108 165.426735 160.166999 
103.659809 165.249634 160.470116 
111.639481 165.015926 159.433466 
118.667713 164.873917 155.310173 
126.019976 164.522323 152.368367 
132.257584 164.163910 147.901657 
139.089451 163.279512 144.083152 
143.621300 163.481354 137.860130 
149.590179 164.281896 131.999862 
154.342377 162.882090 124.968277 
159.581640 161.926790 118.425485 
162.167013 161.664525 111.232394 
165.997914 161.535594 104.391072 
166.805776 160.998662 96.003377 
169.026965 161.238626 88.247873 
19.181243 70.235254 80.094120 
21.386107 68.127047 88.253756 
21.971820 65.822573 96.074135 
24.618470 63.649826 104.436134 
26.202414 61.277976 112.558613 
30.916322 59.276796 120.125068 
34.893559 56.933286 127.183718 
40.812222 55.681293 133.149490 
46.259089 53.742249 139.906883 
53.605030 53.377976 145.033607 
60.475060 52.024263 150.434391 
68.592712 51.116650 152.662582 
76.663431 50.235831 155.889569 
86.782082 49.622191 156.702003 
103.782612 49.493655 156.703857 
110.826202 49.306368 156.521359 
118.673465 50.410354 153.791336 
127.276397 50.827452 151.467137 
134.207886 51.572883 146.373861 
141.779406 51.711043 141.082237 
147.873573 53.767651 135.375061 
154.271413 55.424174 130.157813 
158.878616 57.639642 122.624290 
164.040023 59.711569 115.274038 
165.940345 61.952881 107.279740 
169.071562 63.857007 99.874250 
169.740242 66.214100 91.794617 
171.173836 67.721174 83.409960 
37.167825 187.703078 85.407387 
40.049265 188.693512 90.233292 
41.983475 190.534664 95.629934 
45.205081 191.087947 100.236763 
47.334888 191.857529 105.553667 
51.667244 192.740013 110.264137 
54.921583 194.510900 115.349316 
59.735992 194.900101 118.927376 
63.365858 195.771593 123.766389 
68.659824 196.630692 125.902927 
72.943449 197.717193 129.030376 
78.725372 197.471176 131.185638 
83.685536 198.810728 133.712497 
89.915085 198.119720 134.934494 
101.434585 197.913628 135.086403 
106.903824 197.762142 134.767198 
112.859085 196.931519 132.042694 
118.495055 197.193337 130.237203 
122.968109 196.094360 126.654716 
128.213506 196.331556 123.446948 
132.283661 194.831187 118.842966 
137.062750 194.380475 115.525959 
139.833641 193.330627 110.070594 
143.605043 192.881411 105.823684 
146.153138 191.737152 100.311363 
149.224088 191.230927 95.960003 
151.303736 189.490133 90.432871 
153.972631 188.452766 85.731327 
33.317777 44.062017 73.566365 
35.570156 42.369631 79.290154 
37.247638 40.175018 84.881463 
40.579612 38.203840 90.094109 
42.582408 35.928266 95.623883 
46.574694 34.628132 100.131946 
50.124887 32.348952 104.471583 
55.381876 31.034619 108.512985 
59.905262 29.144564 112.766833 
66.035168 28.398999 114.767700 
71.301044 27.030674 117.913632 
77.247528 27.216805 119.508659 
82.324783 26.085534 121.961371 
89.136561 26.034513 122.489477 
101.974735 25.904319 122.408546 
107.221071 25.861809 121.637191 
112.550532 26.629641 119.479227 
118.832495 26.747762 117.936360 
124.071995 27.981781 115.323113 
129.771683 28.042111 112.672377 
134.791468 30.317827 109.391726 
140.277734 31.402317 106.050613 
142.993357 32.957750 100.888196 
146.500246 33.944691 95.386888 
148.896606 35.675587 90.472672 
152.645806 37.374708 85.843263 
154.477249 40.282932 80.466225 
157.405419 42.006594 75.277545 
59.498620 208.733811 80.518685 
61.829063 210.964745 85.781331 
66.946537 212.225471 89.143139 
71.783064 214.149342 92.885786 
78.329552 215.157776 95.574008 
84.446151 216.101779 98.263164 
90.006551 216.396250 98.718491 
102.200890 216.288376 99.042623 
109.465469 216.040924 97.975616 
114.234471 214.987956 95.747032 
119.637009 214.730896 93.729362 
124.984148 212.209966 89.791768 
130.737929 210.544317 85.749651 
133.418432 208.104161 81.247518 
57.618206 24.469859 65.886314 
61.166638 21.220511 69.677974 
65.441208 19.804322 74.142674 
69.863206 17.558487 78.296367 
76.308635 16.433102 80.399630 
82.392578 15.042509 81.980417 
88.607694 15.210326 82.589610 
101.244278 14.805235 82.801292 
108.045463 15.009063 81.922166 
114.605602 16.140727 80.356774 
120.980415 17.030665 78.078268 
125.510025 19.385104 74.208153 
130.774575 21.046139 70.906115 
133.662369 23.958343 66.103729 
88.282398 221.206955 57.756081 
81.181672 220.962553 57.611000 
74.227837 218.661692 56.901695 
67.271271 215.825065 56.575936 
60.734602 212.351371 56.765257 
54.202533 209.859079 56.495048 
49.105578 204.449142 56.247688 
43.599703 199.994429 55.689164 
39.301899 193.865021 55.054508 
34.808993 187.198736 54.563687 
31.686729 180.903519 53.735677 
28.007066 175.195804 52.486699 
25.251827 168.012034 52.358708 
21.345648 160.937825 51.467940 
20.234863 153.612808 50.866451 
18.040052 147.027886 50.169383 
17.493916 139.694122 49.594663 
16.012303 131.919238 48.844452 
15.326131 123.481865 48.479162 
11.540141 109.098191 46.776264 
10.016159 102.571202 45.933478 
9.869690 95.170385 46.002379 
7.970511 89.349584 45.770937 
13.443380 84.133812 45.669598 
17.962841 78.243973 45.765755 
20.982403 71.316541 44.845304 
24.070413 64.297340 43.347682 
28.342620 58.528340 43.009861 
31.940253 51.557985 43.644376 
36.838499 47.340460 43.104875 
41.088111 41.280295 42.309970 
47.314667 36.249948 42.089947 
52.417286 30.072698 42.018167 
58.758839 26.328993 41.966002 
64.683027 22.888631 41.939129 
71.556595 20.654345 41.949043 
78.681650 17.010258 41.981741 
86.929200 16.419530 42.282631 
103.199757 221.123009 57.237214 
110.957550 220.995748 56.964281 
117.609215 218.592949 57.104134 
123.961850 215.823645 56.858231 
131.562892 212.124252 56.573540 
138.200440 209.184756 56.424922 
143.468933 204.030609 55.457963 
148.742909 199.779627 54.839636 
153.172714 193.467316 54.398434 
157.996436 186.779741 53.538888 
160.504211 180.400650 52.041594 
164.118633 174.217311 51.609743 
167.070414 167.257512 51.477596 
170.894059 160.597673 51.223793 
171.916962 153.124069 50.263821 
174.046399 146.161086 49.724184 
174.665848 138.767334 49.683735 
175.997728 130.947652 49.372779 
176.904607 122.759812 48.364024 
180.684555 108.384102 47.461262 
181.967021 102.562744 47.146709 
182.653160 95.687634 46.166185 
183.984433 88.294434 45.608484 
179.560532 82.404686 45.706680 
174.637238 76.097781 45.443940 
170.693505 70.228843 44.705258 
168.213762 63.917135 44.253130 
163.004715 57.289642 43.786064 
158.933834 50.463722 43.128127 
153.605637 45.653774 43.272606 
148.786417 39.131054 43.089051 
143.289795 34.698528 42.228951 
138.659074 29.050952 41.259132 
131.673385 25.560119 41.380901 
125.325919 21.974256 41.487034 
117.812122 19.777242 41.429531 
110.972667 17.022347 40.562489 
102.700184 16.092177 41.082785 
42.249313 193.294617 83.976318 
44.878338 195.063614 88.189407 
46.673496 195.825302 92.655537 
49.537813 197.426125 97.020321 
52.062162 198.056488 101.674240 
55.331698 199.110397 105.793165 
58.778278 199.939087 109.858169 
62.760141 201.029824 113.535263 
66.412140 201.837509 116.324699 
70.950607 202.908035 118.848381 
75.397217 203.072733 121.617508 
80.299980 203.840475 123.489690 
85.245949 204.239471 125.202286 
89.967911 204.544403 126.535900 
33.710971 181.470482 85.103718 
35.647560 182.647278 91.248207 
37.821583 183.480993 96.929537 
40.604679 184.204529 102.644519 
43.546743 184.497263 108.072217 
47.241425 185.622437 113.779457 
50.966484 186.641113 119.066414 
55.490289 187.695882 123.050445 
60.162076 187.984350 128.027367 
65.252322 189.138545 131.579092 
70.820995 189.192025 135.369919 
76.300556 189.424682 138.513741 
82.255771 190.126122 140.751625 
89.387131 190.205170 142.513382 
26.388031 167.834114 85.899265 
27.968180 168.360275 93.070587 
29.674186 168.651032 99.844742 
32.459001 169.004707 107.376545 
35.451267 169.979772 113.478877 
39.634996 170.764565 120.272640 
44.002395 171.298194 126.448795 
48.962664 172.002861 131.855515 
54.561291 172.876434 137.229324 
60.608794 173.292862 142.052117 
66.706467 172.934616 146.683258 
73.743985 173.691070 149.964546 
80.635387 173.689018 152.915085 
87.837212 173.571067 155.043969 
20.861393 153.036911 86.002583 
21.607776 152.665970 94.868828 
23.268812 152.900116 102.843132 
26.062292 153.548752 111.012245 
29.157852 154.112671 117.884972 
33.755911 154.717651 125.755818 
38.626984 154.694239 132.631526 
43.611610 154.960129 138.558579 
49.928860 155.183014 145.154434 
56.654989 155.904541 150.458908 
63.727583 155.429937 155.212997 
71.400368 155.710983 159.637817 
78.905525 156.163879 162.923452 
87.043937 156.458236 165.024193 
17.047320 137.114288 85.957738 
17.688258 137.257897 95.704316 
18.911358 137.108017 104.167480 
21.028850 136.871864 113.275276 
23.989902 136.956711 121.820686 
28.603006 137.249115 129.815414 
33.592823 136.757584 137.222763 
39.452647 136.795654 144.042633 
46.036243 136.612572 150.438446 
52.938770 137.169540 156.517181 
60.514938 137.084160 161.804192 
68.774540 136.915253 166.128937 
77.392998 136.495369 169.741302 
86.733570 136.938736 172.148155 
13.874949 121.675312 86.603737 
14.540072 121.056351 96.017269 
15.747791 120.460632 106.619575 
17.538139 119.571615 115.164525 
19.925236 118.994352 124.799916 
24.324271 119.115143 133.327507 
29.839159 118.930003 141.282125 
36.537472 118.220182 148.825338 
43.380308 117.540882 155.474167 
50.844589 118.006795 161.505300 
59.026544 117.657330 166.386475 
67.280815 117.633415 170.704208 
76.909843 117.004131 174.861412 
86.277176 117.134987 177.207443 
12.482429 106.055782 86.466137 
13.410646 104.394115 96.040936 
14.502234 103.746068 105.911395 
15.250807 102.283994 115.749954 
17.808290 101.938324 125.572365 
21.902250 101.027817 134.204880 
27.911730 99.683640 142.931076 
34.567972 99.281498 150.245781 
41.705642 98.070874 157.216774 
49.485742 97.689662 163.531286 
58.243965 97.450325 168.927902 
66.922009 97.065392 173.105446 
76.171875 96.653862 176.490967 
86.487178 96.060390 179.060059 
14.343702 90.629879 84.140701 
14.996054 88.088211 93.563001 
16.525895 87.467372 102.960887 
17.641691 85.729034 112.186405 
20.216962 84.452472 121.600223 
24.161575 82.613541 130.452637 
28.940678 81.389669 138.489054 
34.920639 80.684021 145.659393 
41.754963 78.957512 152.394867 
49.023127 78.132026 159.055885 
57.563837 77.459530 164.975525 
66.438957 76.439480 169.231926 
75.887268 76.238930 172.203308 
86.015553 75.520245 174.292198 
18.128829 76.176536 81.559956 
19.083916 74.316177 90.336723 
20.226032 72.529011 98.956009 
22.079211 70.533566 107.501217 
24.370756 69.199600 115.967773 
28.063912 66.577507 123.708912 
32.444671 65.299683 131.556213 
38.032434 63.686985 138.269898 
44.696686 61.424110 144.203201 
51.498739 60.276642 149.924072 
59.259830 60.224281 155.555496 
67.897186 58.692440 158.901520 
76.255348 58.621136 161.900050 
86.653086 57.434013 163.626175 
22.933176 63.437706 78.473648 
24.250132 61.090929 86.287464 
25.832355 58.886786 93.475065 
27.836802 56.692285 101.540070 
30.493849 54.889699 109.026064 
34.276179 52.286951 115.731945 
38.107841 50.965500 122.049435 
43.242098 48.604625 127.361064 
49.193958 47.195400 133.258667 
55.799734 46.230331 138.710952 
62.464737 45.318388 142.566925 
70.502502 43.993408 145.428116 
77.817408 43.798459 147.983541 
86.924759 42.949416 149.227890 
29.647829 50.239609 75.253017 
31.086574 48.360371 81.961944 
33.302692 46.009209 87.828720 
35.728644 44.175064 94.059830 
38.584820 42.321802 100.220477 
41.838619 40.335777 105.954697 
45.618748 38.436504 110.777443 
50.384655 36.413564 115.388519 
55.560745 34.855923 119.635353 
61.662304 33.424746 122.954010 
68.279121 32.470978 126.218506 
74.475010 32.121161 128.763580 
80.770035 32.084129 131.271042 
88.303528 31.331570 131.986160 
38.953805 38.608930 72.100319 
41.027512 36.480086 77.014916 
42.764118 34.860100 81.971962 
45.922642 32.644485 86.716614 
48.123488 31.394184 90.798111 
51.456222 29.757837 94.968907 
54.986469 28.309105 98.975899 
59.499351 26.787060 101.959338 
63.839168 25.913905 105.419655 
69.160126 24.509657 107.534154 
73.737902 24.284794 110.158203 
78.939812 23.323951 111.180817 
84.130211 22.553458 112.222329 
89.726883 22.090965 112.940140 
100.730644 204.622154 126.937508 
105.876629 203.661576 126.305676 
111.539085 203.277023 124.374390 
116.431556 202.617225 122.603318 
120.343338 202.600143 119.763344 
124.707825 201.911384 116.894306 
128.989492 200.834005 113.767695 
132.802170 199.793777 110.762131 
135.865677 199.403514 106.747668 
139.008865 198.536575 102.509499 
142.206289 197.366552 97.900304 
144.584183 196.286285 93.827156 
147.112294 194.923874 88.816447 
149.333623 193.203766 84.908900 
102.045032 190.283233 142.576339 
107.739273 189.783081 141.562607 
114.464085 189.366791 139.268967 
120.028080 188.792244 136.543724 
125.035255 188.750427 133.142746 
130.094116 188.537704 129.123408 
135.147575 187.633927 124.842110 
139.886711 186.857247 120.377247 
143.527420 186.026377 115.354861 
147.558853 184.446442 110.177948 
150.554138 184.331879 104.012009 
153.288605 183.482656 98.808113 
155.851380 182.807389 92.539196 
157.683365 181.957786 86.614311 
103.172001 173.902809 155.097542 
109.935333 173.220535 153.834091 
117.093937 173.079399 150.951836 
123.530629 172.801857 147.905647 
130.087051 172.888412 143.448654 
136.018906 171.829137 139.275096 
140.922287 171.923027 134.281189 
145.863411 171.876450 128.606377 
150.768394 171.105057 122.389454 
155.432577 169.490692 116.270101 
158.662819 168.915352 109.746903 
161.518870 168.659790 102.535525 
163.752090 168.330230 95.052540 
165.134949 168.051646 87.866183 
103.821789 156.225540 165.309486 
111.941742 156.292214 163.316940 
119.875743 156.078392 159.823273 
126.885681 155.171494 156.226547 
134.039268 155.449394 151.611298 
140.642273 154.300919 146.858566 
146.456017 154.512054 141.085663 
152.154327 154.792297 134.277664 
157.246750 153.980804 127.932198 
161.650795 153.617035 120.678467 
164.996925 154.094437 112.888191 
168.073845 153.394692 104.795655 
169.844254 153.208323 96.770398 
170.815079 153.531655 88.591690 
104.667561 137.238822 172.118218 
112.648466 136.200887 170.500331 
121.106209 136.924301 166.934967 
129.478933 136.850433 163.044815 
136.870280 136.732152 158.472839 
143.962418 136.446823 152.574666 
150.505402 136.781273 146.273301 
157.213532 136.382400 139.006495 
161.983353 136.513717 132.475861 
166.508118 137.047516 124.630398 
169.998118 137.704717 115.514794 
172.509933 137.540436 106.461940 
174.190140 137.499619 97.232277 
174.800262 138.071030 89.015991 
105.408989 116.862938 177.427612 
115.038472 116.518328 174.870087 
123.568924 116.944125 171.334533 
131.979156 117.400192 166.938400 
140.329575 117.431938 162.075974 
147.994263 117.458046 156.134857 
154.960396 117.471801 149.483826 
161.473992 118.286907 142.438736 
167.040474 118.977990 134.538986 
171.640602 119.208718 125.837338 
174.348571 120.029766 116.605419 
176.227107 120.110685 107.110006 
177.440644 120.494862 97.652931 
178.147446 120.911350 88.086060 
106.273465 95.762188 178.822830 
115.888420 96.033691 176.487213 
125.456757 96.238156 172.956390 
133.660454 95.994267 168.957772 
142.632286 97.492492 163.425972 
150.137162 98.004336 157.331258 
157.130463 98.769806 150.595169 
164.151749 99.837273 142.875153 
169.698166 100.377373 134.903239 
173.962413 101.355313 125.960614 
176.640645 102.594966 116.090464 
178.313026 103.489491 106.126579 
179.540566 104.275745 96.028347 
180.206345 105.272495 86.796463 
105.206424 75.494083 174.236564 
114.155968 74.968384 172.305786 
124.090118 75.340820 169.308655 
132.522019 76.197907 165.562095 
141.514282 77.640648 160.233665 
148.343974 78.795080 154.125463 
155.294566 80.237066 147.602956 
161.620475 81.570645 140.526824 
166.958191 82.601768 132.547180 
170.900093 84.233154 123.737576 
173.911094 85.211063 114.601090 
175.796768 87.003418 105.001701 
176.987122 88.771710 95.439600 
177.882874 90.665165 85.488182 
104.050850 57.235390 163.657532 
111.818052 57.677633 162.352203 
120.736633 58.099285 159.818039 
128.951152 58.923387 156.675196 
137.259781 59.543906 151.913513 
144.708367 60.712053 146.436676 
150.988869 62.068847 140.398513 
157.394196 64.405457 134.190170 
162.247299 65.440937 126.480381 
166.209422 67.564026 118.289706 
168.821983 69.203689 110.364128 
170.884964 71.321583 102.200832 
172.501638 73.491028 93.112589 
173.404968 75.392139 84.616955 
103.862816 42.599703 148.977677 
109.787224 42.781981 147.990135 
117.751989 43.170189 145.993713 
125.441791 43.874809 143.395859 
132.145981 44.589630 139.701286 
139.204605 45.924183 135.308167 
145.144188 46.929922 130.175568 
150.425232 48.639500 124.307312 
155.921041 50.798925 117.267848 
159.737823 53.089949 110.905293 
162.448921 54.628464 104.071396 
164.736565 56.694502 96.849270 
166.598571 58.967245 89.303612 
168.049850 60.964027 81.182816 
102.613926 30.863488 131.429886 
108.292374 31.310179 130.709595 
115.139480 31.484066 128.846278 
121.504265 31.994982 126.583031 
126.955727 32.656399 123.753441 
132.785438 33.749125 121.107323 
138.737770 35.149255 116.955643 
144.199150 37.134456 112.083424 
147.658452 37.992114 106.595228 
150.974518 39.810955 101.116768 
153.892197 41.754791 95.425556 
156.533898 43.831826 89.447395 
158.753535 45.596819 83.480130 
160.825378 47.871059 77.224213 
101.275620 22.109729 113.119850 
106.229069 22.599800 113.262356 
111.486470 22.798314 110.915095 
116.316090 23.393008 109.486515 
120.979795 24.050191 107.492594 
125.796827 24.759304 104.921743 
130.767212 26.098222 102.106575 
135.468178 27.703296 99.589428 
138.958313 28.719357 95.698776 
141.538788 29.692209 91.116245 
144.260229 31.081628 86.574610 
147.124908 33.134716 82.380150 
149.137299 34.585678 77.812347 
151.385406 36.933464 73.372021 
88.999916 220.113785 67.959896 
81.409954 219.139946 67.439499 
74.281174 217.546143 67.037827 
67.971268 215.076088 67.019554 
61.298801 211.550674 66.624321 
55.287102 207.755417 66.243228 
49.688076 203.349726 65.623492 
44.088953 198.002510 65.157509 
39.603226 192.838165 64.576071 
34.843547 186.264740 64.386541 
31.004476 180.525065 63.300493 
27.784045 173.998063 61.943680 
24.510992 167.401657 61.359995 
22.208267 159.965408 60.866798 
20.290159 152.453990 60.134564 
18.844300 145.986923 59.577822 
17.385625 138.570730 58.878506 
16.208803 131.155327 58.222655 
14.613598 122.853104 57.878516 
12.667096 114.800300 56.830311 
12.254689 108.605079 56.896457 
9.654346 102.599859 56.341992 
8.259355 95.273517 55.829993 
10.839940 88.021815 54.784946 
15.379927 82.615009 54.547375 
18.612967 76.222682 54.761061 
20.907151 69.372573 54.046722 
24.260759 62.528841 53.419309 
28.341152 56.200233 52.808952 
32.166405 50.636173 53.310863 
37.072014 45.037390 52.836539 
42.311018 39.441244 52.730572 
47.520919 34.024116 52.147667 
53.250040 29.132265 51.742748 
58.985333 25.447294 51.923003 
65.670975 21.872536 52.071714 
71.692297 19.249830 51.728931 
78.875900 16.740679 52.062027 
86.992260 14.909246 52.232704 
94.999006 14.351299 51.766217 
103.305458 219.960815 67.890938 
110.110985 219.305115 67.206322 
117.501884 217.504700 67.331650 
123.908802 215.120507 66.722245 
130.849737 211.380218 67.210619 
137.232124 207.308884 66.596779 
143.145355 202.703941 65.812873 
148.136932 197.954636 64.537903 
153.041031 192.012268 64.084770 
157.708870 185.645469 63.220652 
161.214554 180.048004 62.164257 
164.514572 173.420273 62.072132 
167.596588 166.822433 61.709133 
170.004471 159.447594 60.770010 
171.598953 153.115326 60.269009 
173.173294 145.322968 59.612934 
174.662313 138.079590 59.754499 
175.824234 131.114128 59.309189 
177.615593 122.320358 58.206413 
179.335434 114.498546 57.524357 
180.947838 108.167766 56.720560 
182.478500 102.317814 56.275531 
184.213557 94.808482 56.249578 
181.430710 87.549053 55.087976 
176.495682 81.662376 55.276020 
173.288201 74.641247 54.870151 
170.625816 68.073357 54.002935 
167.500328 61.691071 54.113958 
163.417053 55.492409 53.510902 
158.440704 49.014927 52.813087 
153.489563 43.382149 52.719944 
148.372650 38.027386 52.934052 
143.497864 33.127151 52.030466 
137.751625 28.349956 51.127618 
131.079035 24.509444 51.866750 
124.775173 21.220225 51.837462 
117.456558 18.217010 51.617649 
110.359359 16.116924 51.030940 
102.889498 14.899503 51.337178 
94.999006 14.351299 51.766217 
45.863889 198.360885 78.173729 
40.862097 192.311305 78.752683 
36.505018 186.519715 80.362686 
32.248034 180.432152 78.987954 
28.758160 174.315224 78.159130 
25.490274 167.344920 78.673653 
22.346922 159.417038 77.900597 
20.496770 152.584442 77.270641 
18.557487 144.549194 76.902451 
16.936153 137.207679 76.662803 
15.359001 130.073868 76.721454 
13.578663 121.538226 76.839495 
12.464104 113.802882 76.501249 
12.502690 106.508858 76.318550 
12.503386 100.309499 75.968190 
13.289630 91.947207 74.983182 
15.304145 84.374229 73.305077 
17.562066 78.479675 72.924473 
19.257823 72.360859 71.580810 
21.906916 65.551372 70.800583 
24.936557 58.562025 69.723583 
28.645432 52.026478 68.718445 
32.765171 46.292496 68.079784 
38.284496 40.312439 67.525116 
43.808760 34.674183 66.969601 
146.573845 197.751556 79.009136 
151.003501 192.493606 79.676227 
155.339274 186.930806 79.509984 
159.552979 180.598114 79.974998 
163.258057 173.855240 80.222501 
166.657082 166.944694 79.800667 
169.353719 160.139476 79.187520 
171.462575 152.925771 79.345634 
173.304977 145.386398 79.118210 
174.995918 138.007499 79.178089 
176.701172 129.946091 78.821762 
178.396454 121.768784 77.766098 
179.513987 112.917290 77.221046 
180.495585 106.473267 76.715698 
180.405227 99.737503 75.964444 
178.913017 92.172958 75.872173 
176.775497 84.699165 74.979576 
174.473419 77.873711 74.698013 
172.007207 70.517110 73.730820 
169.138931 62.932426 72.742294 
165.977295 56.371811 71.703636 
162.124374 50.014450 70.249908 
158.249253 44.881077 68.807957 
152.496285 38.971790 67.883095 
147.242854 33.935798 66.747261 
53.305846 204.260340 81.479011 
56.872343 206.327507 87.645691 
61.413174 208.220963 93.244881 
67.081711 210.007426 99.175898 
73.467735 211.877380 102.494934 
81.101295 212.515495 106.787735 
88.832077 213.708275 107.553486 
103.224922 213.483337 108.229347 
111.647782 212.475716 106.397159 
117.650871 211.811165 103.370648 
124.674232 209.829443 100.070597 
129.835663 208.347153 94.623848 
135.631810 205.733780 88.359187 
139.469264 203.414887 82.609327 
47.460894 32.301516 62.415434 
50.983734 28.461702 68.416977 
54.784170 25.553490 74.206120 
59.199958 23.220830 80.300636 
64.966194 20.955652 85.519020 
71.678108 18.893021 89.337120 
79.335281 17.649157 92.602669 
87.004250 16.604173 92.589638 
103.053947 16.710077 93.454407 
111.257503 17.136572 91.394776 
118.254608 18.347060 88.620011 
125.835246 20.364010 85.763552 
130.903320 22.249174 80.543999 
136.176651 24.910944 74.675461 
139.707967 27.536705 68.665426 
143.149612 31.108931 61.584652 
68.368553 213.635208 81.159381 
76.172714 216.180145 85.221848 
86.685417 217.926239 88.314571 
106.583435 217.760834 88.102379 
114.824722 216.436341 85.998188 
123.534679 213.756187 81.475216 
66.884079 19.531754 65.513283 
74.614411 16.379478 70.172516 
84.881737 14.505421 72.047665 
105.274178 14.446035 72.234299 
115.931728 15.865037 70.027657 
124.829133 19.271628 66.333679 
