0.295891 87.405762 -30.677513 
-0.054798 88.529572 -21.743632 
-0.270729 88.501022 -12.564735 
-1.093943 87.739360 -1.990397 
-2.007957 87.550919 8.083076 
-1.711113 86.132538 17.924732 
-2.080193 83.721512 27.129715 
-1.814133 80.215965 36.070408 
-1.081100 75.903275 44.971992 
-1.404485 70.943456 52.819361 
-1.985947 65.260147 60.290497 
-1.606806 58.311096 67.206736 
-2.252968 50.445160 73.911774 
-2.728149 42.299368 79.585973 
-3.462578 34.378555 84.012161 
-3.155988 25.777110 88.198934 
-2.077896 17.263702 91.768600 
-2.016537 8.376808 94.992065 
-2.637581 -1.365784 98.005051 
-3.487564 -10.028374 100.449730 
-3.808014 -19.180054 102.058136 
-4.825127 -29.202282 102.531113 
-4.959282 -38.791039 102.507553 
-4.907005 -47.961090 100.859100 
-3.746719 -57.367905 97.975861 
-3.267751 -66.058235 93.890676 
-2.910088 -73.915070 88.676666 
-2.088608 -82.117255 82.401696 
-1.737160 -88.848896 75.178772 
-2.376928 -94.626135 67.297674 
-2.734680 -99.501938 58.899323 
-2.456364 -104.139705 50.307632 
-2.524223 -108.295176 42.098045 
-2.059204 -112.058777 33.177082 
-1.263939 -114.823360 24.292137 
-0.498055 -118.535477 5.109154 
-82.151131 -17.721062 -39.218430 
-82.303987 -13.584557 -20.429028 
-82.349651 -12.182487 1.300308 
-82.167671 -10.912750 10.610306 
-81.673131 -9.735252 20.813660 
-80.437551 -8.651249 30.469155 
-78.090248 -8.108734 40.026001 
-74.119056 -7.089039 49.140239 
-69.442207 -6.612656 57.848938 
-62.988136 -4.481399 65.566055 
-56.322220 -2.953430 72.466797 
-49.029395 -2.950068 79.354177 
-40.732265 -2.466888 85.063232 
-32.449471 -2.073029 90.041077 
-23.850960 -2.075012 93.786758 
-13.361252 -1.261368 96.689087 
6.686383 -1.379845 97.688271 
16.057930 -2.095306 96.104233 
25.650589 -2.434387 93.275490 
34.611359 -2.035507 89.259552 
43.317144 -2.457494 84.321452 
51.509079 -2.693283 78.144363 
58.564606 -2.866539 71.560676 
65.011154 -3.048584 64.701141 
71.463348 -4.575996 56.262878 
76.786026 -5.943321 47.307106 
80.195045 -7.171017 38.148060 
82.186432 -7.973877 29.256004 
83.510086 -9.111748 19.303841 
84.236069 -9.539131 9.447128 
84.314926 -12.164902 -11.314873 
83.225143 -13.631973 -30.009892 
-7.401890 88.519149 -14.927777 
-14.583275 88.244125 -17.242035 
-21.507694 86.512909 -19.234259 
-27.649879 84.178299 -21.005688 
-34.177125 80.668742 -22.092712 
-40.989429 77.393311 -23.825089 
-47.414413 73.118958 -25.504864 
-53.599205 68.081299 -26.406418 
-57.650046 62.335953 -26.644938 
-61.149551 56.060608 -26.101933 
-64.832494 48.990792 -25.469599 
-69.030045 41.579880 -25.410458 
-72.239368 34.331024 -25.537903 
-74.556068 27.210449 -25.429871 
-76.103855 20.644233 -25.538742 
-77.414055 13.811691 -25.131748 
-78.472882 6.058326 -22.884498 
-79.715136 -1.444763 -21.288235 
-81.166102 -7.548615 -20.980397 
-83.132708 -22.004914 -18.777499 
-82.853533 -31.243423 -16.912804 
-82.800349 -38.275509 -15.547905 
-81.944530 -45.395340 -14.579258 
-79.690740 -52.431457 -11.760815 
-77.536400 -59.914742 -9.166786 
-75.297542 -66.679233 -8.365802 
-72.572954 -73.221935 -7.026093 
-69.513326 -79.639878 -4.159317 
-65.724960 -85.680527 -1.534851 
-61.272186 -91.819679 1.517456 
-56.497421 -97.049145 3.799240 
-51.489459 -101.230464 6.675654 
-46.242558 -105.352043 9.313065 
-38.892542 -109.520036 10.983047 
-31.583717 -112.721729 13.295181 
-25.204997 -114.479744 15.933047 
-18.221245 -115.878593 17.816566 
-9.461025 -115.591264 21.138535 
6.881907 88.520686 -13.859951 
13.790131 88.400452 -14.716736 
21.284588 86.943687 -15.896119 
28.226929 84.640594 -17.140629 
34.760925 81.609360 -18.348321 
41.272156 78.028458 -19.447296 
47.507289 73.565501 -19.315127 
52.976578 68.731415 -19.855694 
57.741653 62.983566 -19.213184 
61.901459 56.711578 -18.392750 
66.047938 49.484314 -18.897563 
69.546219 42.435699 -19.124279 
72.636734 35.183861 -18.416252 
75.143768 27.827911 -17.520939 
76.900106 21.348577 -16.738252 
78.438919 14.932190 -15.078659 
80.248505 7.136831 -13.529593 
81.847061 -0.648178 -12.464996 
83.058426 -5.919098 -12.270355 
85.472710 -21.174850 -9.999271 
85.509033 -30.082008 -9.250168 
85.271790 -36.576569 -6.971275 
83.504837 -44.183800 -4.869743 
81.158839 -51.103256 -2.755012 
78.789444 -58.169746 -1.052727 
76.164947 -64.974312 -0.050298 
73.248352 -71.998356 0.780724 
69.815130 -78.774205 3.365138 
65.755814 -85.113289 6.027809 
60.638283 -91.017290 7.925499 
55.226196 -96.163128 9.452263 
50.704765 -100.616192 11.464409 
45.340164 -104.499304 13.913780 
38.559189 -108.268251 15.153976 
31.168770 -111.404573 17.141258 
24.185778 -113.583657 18.534096 
17.587128 -115.093870 20.042961 
7.818039 -115.284431 22.133354 
-66.905706 44.735168 -11.180481 
-65.471971 47.465339 -4.142437 
-63.887489 49.907654 3.219147 
-61.207798 52.074020 10.368690 
-58.142227 54.107651 16.903374 
-54.857635 55.652939 23.271823 
-51.255341 57.104614 28.775429 
-46.859871 58.673096 34.967987 
-42.544296 59.334229 41.531395 
-37.373278 61.537773 44.987106 
-31.098137 63.641525 48.786346 
-24.116760 64.514786 52.658516 
-17.499641 64.456207 56.456497 
-9.565757 65.323914 58.684441 
4.284333 65.264709 60.236656 
10.474625 64.774200 59.713531 
17.698613 64.360138 57.650065 
25.187607 63.406342 54.736832 
32.150754 62.220271 51.510391 
38.193893 61.342346 47.335838 
44.302048 60.191109 41.866451 
49.357452 58.602737 36.431801 
53.322851 56.882197 30.907089 
56.939514 54.730865 25.164864 
60.890846 52.220138 18.750839 
63.747299 50.309341 12.095634 
65.871017 48.629448 5.406704 
67.041214 47.581757 -1.734451 
-72.199337 -74.292423 9.636261 
-71.908226 -74.258425 18.546528 
-71.314989 -73.777863 26.527306 
-69.321037 -74.870445 34.381828 
-66.991676 -74.947933 41.846352 
-64.470666 -74.215402 48.858390 
-61.261852 -73.534416 56.402939 
-55.872941 -74.797723 62.675517 
-50.478127 -74.136848 68.906158 
-44.197159 -74.834820 74.194512 
-37.509171 -74.928898 79.073425 
-29.161034 -74.574345 83.304169 
-20.928307 -73.528564 87.010513 
-11.791165 -74.333357 88.081787 
4.509720 -74.460167 88.270004 
12.107628 -73.970066 88.607040 
20.013794 -74.218990 86.928055 
27.368279 -73.844955 84.504211 
35.431763 -73.631813 80.760971 
42.271683 -72.776787 76.470306 
48.480316 -72.900270 71.020378 
54.204041 -72.805588 65.549957 
58.610911 -73.273521 59.418976 
62.367706 -73.012138 53.205597 
65.946167 -73.452429 44.672470 
68.691010 -73.441914 36.223038 
70.465134 -73.304771 28.245585 
71.938858 -72.436668 19.853630 
-48.011509 72.212372 -18.166840 
-46.752423 72.486656 -13.467168 
-45.451721 72.719727 -8.905914 
-43.020847 73.938591 -4.444004 
-40.551388 75.217026 -0.779526 
-37.888972 76.618678 3.629649 
-35.222492 78.185669 7.458717 
-32.791885 79.198539 11.036545 
-30.160774 80.180252 14.337563 
-25.853511 81.507461 17.335713 
-22.253929 82.181381 19.865669 
-17.261658 83.047150 22.024219 
-12.752617 83.429077 24.297035 
-8.124275 83.670120 25.709682 
2.403157 83.611649 27.440221 
6.520088 83.334900 27.675568 
12.301113 83.348923 26.477039 
17.656990 82.711227 25.233704 
21.654827 82.167206 23.529342 
25.216835 81.569656 21.704437 
29.715851 80.632690 18.826802 
33.810577 79.287094 15.767044 
36.585411 78.279183 11.990986 
38.607208 77.338226 8.755051 
40.584557 76.293831 3.414574 
42.363220 75.303177 -1.772827 
44.908883 73.992210 -6.646343 
47.170242 72.519363 -10.939240 
-54.980183 -97.308250 14.541458 
-53.549618 -97.854389 19.175850 
-52.893654 -97.529491 23.802010 
-50.630810 -98.321636 29.578339 
-47.322826 -98.630234 35.146812 
-44.802666 -99.250523 38.451656 
-42.181908 -99.085957 42.266357 
-38.152518 -99.343338 45.744614 
-34.977871 -98.877758 49.582298 
-29.653626 -99.226362 52.435218 
-25.231758 -99.024841 54.974380 
-20.350735 -99.663162 56.268631 
-14.645653 -99.927574 57.792221 
-8.443390 -100.010162 58.321533 
2.174843 -99.598804 59.001785 
6.792511 -99.874756 58.454559 
11.527191 -99.555031 58.473058 
16.803162 -99.060181 58.027847 
22.142834 -98.791162 56.242806 
27.833214 -98.761665 53.625595 
31.326187 -99.036175 50.583969 
35.052704 -99.031746 47.890198 
39.214310 -98.711462 44.925995 
42.667664 -98.503857 40.886246 
46.124664 -97.668776 37.447552 
49.218246 -96.832123 33.427711 
50.606064 -97.395029 27.406517 
52.213638 -97.140488 22.318115 
-75.954121 17.406448 -7.084785 
-75.545748 19.225784 2.467255 
-74.894539 21.171371 11.068794 
-73.939072 23.103973 19.166214 
-71.784470 24.228577 27.048119 
-67.959833 25.255874 35.815395 
-63.276627 26.847794 43.981888 
-58.202347 29.116890 51.488693 
-52.548515 29.895615 58.955368 
-46.072834 31.726649 64.649404 
-38.948883 32.960068 70.089371 
-31.170597 33.560379 75.066551 
-22.568748 34.254181 78.985336 
-12.998879 34.547844 82.339783 
5.065559 34.793701 83.868713 
13.233215 34.657211 82.633514 
22.508510 34.828484 79.529480 
31.035751 33.897430 76.088074 
38.840012 32.733047 72.114578 
45.904907 31.285263 67.344940 
53.144043 30.335495 61.014832 
59.217163 29.227753 53.709381 
64.694512 26.926758 46.457134 
69.654755 24.776260 38.969131 
73.218155 24.197723 30.028730 
75.518188 23.045731 21.487541 
77.410706 20.183075 13.417053 
78.407486 17.644257 4.451492 
-81.703808 -45.579918 4.609749 
-81.728098 -45.241104 14.773140 
-81.686314 -44.177277 24.915573 
-81.022304 -43.290016 34.449486 
-78.965313 -42.941521 43.320656 
-75.693802 -42.213326 52.692825 
-71.351295 -42.214317 61.228439 
-65.206926 -41.571175 70.036102 
-57.990719 -40.654991 78.003250 
-50.775272 -40.061566 84.320892 
-43.059376 -39.275986 89.637390 
-33.990381 -38.892342 94.289039 
-25.055847 -38.246880 97.880142 
-14.987549 -38.736839 100.913951 
4.953234 -38.526110 102.534088 
15.473587 -38.396706 101.085587 
23.830406 -39.038681 98.603653 
32.107712 -39.335655 95.637039 
41.675095 -39.327850 90.851349 
49.845749 -38.897163 85.681458 
57.124313 -39.451653 79.463577 
64.049103 -39.575211 71.982834 
70.023885 -40.257543 64.094009 
75.026596 -40.928123 55.255920 
79.050140 -40.640732 45.935623 
81.494583 -41.295494 36.585922 
82.634972 -42.071487 26.828010 
83.083588 -43.252182 16.667328 
-79.327011 2.730148 -2.580215 
-79.217382 3.742744 6.502163 
-79.179871 3.754089 15.941521 
-78.296121 5.422661 24.884510 
-76.079758 6.775452 33.773186 
-71.942617 8.373947 43.282166 
-66.649626 10.300873 52.339005 
-61.114439 11.773857 59.784852 
-54.974426 12.013275 66.799683 
-48.064514 13.524404 72.947627 
-40.726902 15.092606 78.533539 
-32.626588 15.679174 83.344660 
-23.508553 16.537170 87.235077 
-12.743576 17.355217 90.294952 
6.206379 17.241859 91.514115 
14.976669 17.119156 89.946213 
24.780114 16.679306 87.139435 
33.693985 15.065109 83.794769 
41.690857 14.611282 79.072388 
49.164627 13.807037 73.697662 
56.507370 12.215722 67.490349 
62.979172 10.556686 60.590408 
68.332840 10.065872 53.107201 
72.873505 8.882248 45.772568 
76.965332 7.648621 37.220230 
79.405930 6.441284 27.842369 
80.898275 5.070699 18.212324 
81.788513 3.708801 8.213112 
-83.498758 -29.059517 2.255157 
-83.509022 -27.557533 12.288292 
-82.568931 -26.783638 22.455788 
-81.716569 -26.525654 32.131112 
-79.988216 -25.588501 42.410667 
-77.017560 -24.741948 51.415415 
-73.093737 -23.957687 59.379807 
-66.811087 -22.627388 68.237770 
-59.581608 -21.316536 76.017029 
-53.035515 -21.398140 81.724503 
-45.188610 -20.810265 87.538269 
-36.452427 -20.030640 92.406586 
-27.313057 -19.553169 96.376328 
-15.521477 -19.168270 100.101685 
4.708674 -19.163033 101.886276 
12.674927 -18.948715 100.974304 
21.667961 -19.445602 98.544708 
31.376984 -20.714668 95.474670 
40.354065 -19.863442 90.881211 
48.654831 -19.903900 85.613586 
56.909401 -20.983264 79.112472 
64.042419 -22.245796 72.297699 
70.318268 -22.061264 64.850205 
75.812927 -22.747650 56.901459 
80.111633 -23.669838 47.658714 
82.837601 -25.146225 37.823196 
84.381080 -26.530960 28.878868 
85.468918 -27.072678 19.416534 
-72.456070 31.572174 -10.299202 
-71.686862 32.825892 -1.891683 
-71.240484 33.992493 6.446602 
-69.139880 36.608765 14.266689 
-65.904964 38.865265 22.663979 
-62.416090 41.010826 29.045124 
-58.603989 42.683426 35.792870 
-54.282818 43.964844 42.651738 
-49.538933 45.522949 49.251709 
-43.186386 47.211723 55.111496 
-36.224010 48.254517 60.523346 
-29.595627 48.777794 64.979423 
-22.488182 49.183365 68.878571 
-13.144623 50.034683 72.065796 
4.917732 50.580375 73.879058 
11.623901 50.946030 72.647049 
20.352776 49.962250 70.628998 
28.073570 48.479767 68.162888 
34.439479 47.528458 64.610453 
41.106018 46.395645 60.073257 
47.906016 44.998037 54.529226 
54.271576 43.116318 48.426598 
59.422928 42.169929 41.023754 
63.714706 40.725723 33.832268 
67.274621 38.521240 26.772320 
70.549316 35.574554 20.294197 
72.451996 34.252619 12.449341 
73.488358 32.652985 4.237114 
-77.619925 -59.592690 8.864983 
-77.576124 -59.780861 18.124580 
-77.485849 -59.425011 27.373726 
-76.384433 -59.385941 35.777916 
-73.993910 -58.896652 44.707603 
-70.524903 -58.371357 53.273010 
-66.777405 -57.639313 61.167770 
-60.792400 -58.568428 68.981285 
-54.570610 -58.969589 75.807693 
-48.082922 -58.697258 81.502403 
-41.228577 -57.932007 86.640564 
-33.193728 -57.749058 90.803269 
-24.420486 -58.360779 94.237015 
-14.461523 -58.271332 96.765757 
4.703364 -57.821477 97.845856 
12.000099 -57.744057 97.456772 
21.378853 -57.822998 95.421722 
30.318825 -56.760956 92.413834 
38.077027 -57.514363 88.842033 
45.580582 -57.532417 83.974655 
52.515892 -58.129036 77.937081 
58.987793 -57.549690 71.458603 
64.726623 -57.822212 63.816427 
69.202026 -57.686333 56.411270 
72.836935 -57.936094 48.796005 
75.583282 -57.720329 40.398071 
77.315163 -57.980995 30.424874 
78.036301 -58.220306 21.311424 
-58.878372 59.338913 -13.942505 
-57.236905 60.822713 -7.577960 
-55.692398 62.202698 -2.185883 
-53.426763 63.738541 4.038277 
-50.943230 65.198883 9.398079 
-47.378836 67.755646 13.413273 
-44.468628 69.432968 17.910973 
-40.574230 71.034058 23.011017 
-36.673115 72.010971 27.825005 
-32.463415 73.021073 32.723423 
-27.642799 73.213760 36.718735 
-21.847402 74.229192 39.491171 
-15.229256 74.944931 42.097618 
-8.273797 75.838829 43.716896 
2.977196 75.885475 44.955162 
7.764183 75.690323 44.830711 
13.882360 75.379522 43.640276 
20.564400 74.278793 41.960350 
26.284157 74.068878 38.758663 
30.967354 73.166550 36.220757 
37.156182 72.041328 31.861461 
42.144760 70.291077 27.366295 
45.691579 68.713821 23.177030 
48.614319 67.430374 18.116997 
51.433243 65.852890 12.471016 
53.728882 64.632919 7.835571 
56.390434 62.341682 2.082477 
58.446930 60.672562 -4.298096 
-65.430075 -86.179871 11.798332 
-64.877208 -86.206871 18.403095 
-63.712688 -86.239216 24.651115 
-61.692409 -86.717930 31.074070 
-58.763298 -87.554508 36.948006 
-56.104973 -87.682404 42.860786 
-52.466232 -88.014027 48.959236 
-47.907860 -88.909838 54.328423 
-43.332775 -88.858631 59.487289 
-38.117674 -89.155849 62.894120 
-32.619137 -88.725746 67.026733 
-26.426575 -89.370552 69.594635 
-20.776642 -89.283031 72.068161 
-10.820369 -89.486973 74.170593 
2.571144 -88.303177 75.847458 
7.172661 -87.852413 76.464661 
12.556607 -88.719134 74.700394 
18.422806 -88.982891 72.703568 
25.599365 -88.471333 70.674088 
32.163757 -87.518559 68.378647 
37.672780 -87.316682 64.866252 
42.074783 -87.286499 61.624176 
46.596970 -87.608765 56.250824 
51.367935 -86.862549 50.626266 
54.452217 -87.235054 44.302720 
57.876968 -86.683559 37.678986 
60.383545 -86.487514 31.100922 
62.072083 -86.568054 25.026299 
-37.890493 78.834054 -17.664490 
-33.822990 80.773972 -12.270256 
-29.354286 82.643670 -8.574551 
-25.135201 83.857544 -4.525749 
-19.810459 85.229767 -0.386719 
-13.625862 86.365051 3.529121 
-8.320221 87.246315 5.655762 
3.732849 87.559082 7.826569 
10.272919 87.378845 8.172157 
16.272375 86.467845 4.347186 
22.057144 85.292816 0.725510 
27.305110 83.750966 -2.815491 
31.725334 82.306229 -6.591766 
36.407227 80.340240 -12.380310 
-43.164116 -106.398039 15.871845 
-40.114014 -106.740107 22.086807 
-35.820446 -107.513208 27.051018 
-31.267799 -107.683664 32.160042 
-24.517525 -108.392443 36.151484 
-18.135750 -108.327908 39.399544 
-10.356258 -108.741492 41.054165 
4.142822 -108.615385 41.375511 
11.421837 -108.751123 40.526993 
18.996834 -108.053232 38.530277 
25.892197 -107.077572 36.624619 
31.381729 -106.696949 32.845306 
36.842484 -105.741785 28.605247 
41.538307 -105.360822 21.314789 
-6.253418 86.112457 -32.147616 
-13.101761 83.540665 -33.410690 
-20.090012 80.686172 -35.763477 
-26.330360 77.852692 -38.503220 
-33.899956 74.947169 -39.893678 
-40.743446 71.906631 -41.867359 
-46.587330 67.578613 -42.882919 
-51.160015 62.886505 -43.538784 
-56.301904 56.158074 -43.971374 
-61.464489 49.479080 -44.990631 
-65.817880 45.061599 -44.744394 
-70.041386 39.314117 -45.018284 
-73.519610 32.413865 -45.288382 
-76.099234 24.916016 -45.125923 
-77.432327 18.015152 -44.831013 
-78.483019 10.337784 -44.342331 
-79.105916 3.503250 -42.254349 
-79.503439 -3.879623 -41.117760 
-80.750169 -10.619221 -40.036951 
-82.449312 -25.538567 -38.760075 
-84.485071 -33.092133 -37.824085 
-85.646425 -39.673676 -34.989857 
-82.068615 -45.781624 -33.668941 
-78.481337 -52.975994 -32.391920 
-76.251396 -60.126793 -30.876606 
-74.089710 -66.535817 -28.669258 
-71.449110 -72.836945 -26.178627 
-67.755129 -79.510223 -24.281384 
-63.995266 -85.815144 -21.545452 
-59.560156 -91.195054 -19.629181 
-55.249901 -96.156769 -17.270744 
-50.155738 -101.767751 -14.691725 
-44.687645 -106.212215 -11.623230 
-39.168802 -109.694826 -8.158817 
-32.614052 -112.909616 -5.238312 
-25.535993 -115.624765 -3.621236 
-18.221046 -117.384274 -1.817146 
-9.716198 -118.535890 2.023537 
7.865673 86.351685 -31.896524 
15.320534 83.374481 -32.949306 
21.055122 81.456436 -33.800393 
27.872253 79.292709 -34.323742 
35.171386 76.855522 -35.450502 
42.040329 73.821930 -37.016384 
48.763199 70.233627 -36.684013 
54.056091 65.277420 -36.608040 
58.626796 58.810181 -37.170376 
62.718750 52.458420 -37.072456 
66.883728 45.936020 -36.513229 
71.247803 39.112183 -36.515553 
74.326202 32.742180 -36.377873 
76.448029 26.243469 -35.686478 
78.279114 18.789978 -34.413376 
79.467361 11.777664 -33.925247 
80.374568 4.748423 -32.781099 
81.346893 -2.916504 -31.842907 
82.187233 -8.539463 -30.589300 
84.002167 -23.534706 -27.978845 
86.625778 -32.670067 -26.375969 
84.525177 -39.993373 -25.226729 
82.068039 -46.193047 -24.776157 
79.506080 -53.664150 -23.385089 
77.099838 -61.580528 -22.017845 
74.939079 -67.611730 -20.448501 
72.297897 -73.749603 -17.902378 
68.619537 -80.237196 -16.318197 
64.418747 -86.682079 -13.987778 
59.297584 -92.418936 -12.474819 
53.867935 -98.073971 -10.185715 
48.598236 -103.006630 -8.232819 
42.823166 -107.009867 -6.348938 
36.770401 -110.315004 -4.500816 
30.359131 -113.157747 -2.745148 
23.736386 -115.603541 -0.982689 
16.689713 -117.391278 0.793571 
8.355888 -118.471159 2.681454 
-53.704102 66.224121 -16.081379 
-52.362452 66.754792 -10.578739 
-50.714178 67.674591 -5.880653 
-48.492057 69.154103 -0.556696 
-46.007717 70.587936 4.138165 
-43.171225 72.284447 8.717144 
-40.233463 74.017815 12.728558 
-36.847183 75.416061 17.455505 
-33.514443 76.396935 21.439473 
-29.339294 77.785904 24.900467 
-24.961627 78.443308 28.652926 
-19.937805 79.026382 31.076134 
-14.283948 79.619105 33.259110 
-8.504608 80.140114 34.742409 
-63.202649 52.092957 -12.315618 
-61.735810 54.073166 -5.600155 
-59.898554 56.120193 0.341906 
-57.540522 58.026128 7.843587 
-54.433140 60.048996 13.476852 
-51.333259 61.973488 18.654698 
-47.900364 63.920441 23.735001 
-44.079007 65.091161 29.346008 
-40.158550 65.784790 35.304146 
-34.596508 67.837082 39.280479 
-29.081418 68.595754 42.966533 
-23.034183 69.438996 46.528527 
-16.406352 70.061579 49.558797 
-8.889468 70.982681 51.305455 
-70.143314 37.930397 -10.745167 
-68.909667 40.064316 -2.987590 
-67.723510 42.210449 4.880852 
-65.657467 44.227188 12.477703 
-62.029579 47.049271 19.752716 
-58.853393 48.321145 26.762818 
-55.170500 49.964859 32.076676 
-50.562847 51.966523 38.567593 
-46.289255 52.593788 45.182247 
-40.827334 54.534638 50.176407 
-33.877581 56.213155 54.874497 
-27.396339 56.774292 59.044708 
-20.517059 56.869156 63.147964 
-11.494400 58.116684 65.687279 
-74.276001 24.418584 -8.548454 
-73.564189 26.695770 -0.079701 
-73.386149 27.565476 9.198330 
-71.912005 29.981544 16.675740 
-69.153421 31.409851 24.965782 
-65.132316 33.297226 32.948501 
-61.201895 34.828155 39.658864 
-56.641579 36.537247 46.767754 
-51.339296 37.436012 54.352767 
-44.685292 39.428352 60.087326 
-37.605875 40.664543 65.520523 
-30.697017 41.397652 70.068787 
-22.973603 41.821495 74.001106 
-12.850361 42.143715 77.712059 
-77.628175 10.290588 -5.060497 
-77.305622 11.300171 4.071030 
-76.962367 12.439568 12.895626 
-76.221704 14.453964 22.409012 
-73.672333 15.934006 30.787170 
-70.482897 16.422328 39.494540 
-65.328026 18.444082 48.410306 
-59.725928 20.371439 55.685232 
-53.985588 20.893280 63.343208 
-47.398216 22.633553 68.918243 
-40.319967 23.963432 74.618622 
-32.260595 24.385081 79.550003 
-23.451241 25.636139 83.248505 
-13.036289 25.794708 86.840553 
-80.766691 -4.314747 -0.668114 
-80.598852 -3.596093 8.586537 
-80.356582 -2.526820 18.590833 
-79.275356 -1.141876 27.394066 
-77.097731 -0.505173 36.846867 
-73.186753 0.500061 46.251201 
-68.151782 1.767710 54.892303 
-62.568962 3.587517 62.357979 
-55.922066 4.187416 69.621773 
-48.834945 5.045731 76.188807 
-40.954624 6.351486 82.009048 
-32.939068 7.001938 86.626251 
-23.667186 7.352219 90.737450 
-13.090012 7.904663 93.596405 
-83.539573 -20.615070 1.809536 
-83.524791 -19.264911 11.568275 
-82.542640 -18.483032 22.053101 
-81.768313 -17.519439 31.635826 
-79.693673 -16.504570 41.070771 
-75.972265 -16.147614 50.773590 
-71.633444 -14.742996 58.769913 
-65.084897 -13.192220 66.894709 
-58.237495 -12.197716 74.250282 
-51.176935 -11.883301 80.610588 
-43.294342 -11.221878 86.458336 
-34.266463 -11.265411 91.558019 
-26.055473 -10.891342 95.244338 
-15.096314 -9.864811 98.674934 
-83.337762 -37.798383 3.176626 
-83.481484 -36.330085 13.623345 
-82.474559 -35.324615 23.781418 
-81.567579 -34.906898 33.435211 
-79.813243 -34.476951 43.260391 
-76.402668 -33.421402 52.674942 
-72.454320 -33.055675 60.420448 
-66.045716 -31.827904 69.398262 
-58.934481 -31.123897 77.542503 
-52.051170 -30.587250 83.356377 
-43.852551 -30.201836 89.247696 
-35.437378 -29.678146 93.538132 
-25.909177 -28.871997 97.492391 
-15.599304 -28.749298 101.033020 
-79.726916 -52.498807 6.767207 
-79.620580 -52.918782 16.673298 
-79.785358 -52.108772 25.839508 
-78.987637 -51.192902 35.495453 
-76.923927 -50.855774 43.421913 
-73.128361 -50.660202 53.334564 
-69.367684 -49.776615 61.271789 
-63.230083 -50.001450 69.909454 
-56.416321 -50.188233 77.388051 
-50.077873 -49.758141 83.043320 
-42.026643 -48.616955 89.001755 
-33.575600 -48.682800 93.335327 
-25.347486 -48.316646 96.769231 
-14.502224 -48.769226 99.506248 
-75.072429 -67.064267 9.191734 
-74.974022 -67.164782 18.385544 
-74.822857 -66.504128 26.841537 
-72.793550 -67.783580 35.045637 
-70.867336 -66.822492 43.444349 
-68.073754 -66.306984 51.197007 
-64.400253 -66.078295 58.678991 
-58.346819 -67.217617 66.343185 
-53.267578 -66.835663 72.405533 
-46.855782 -66.818604 78.230286 
-39.224583 -66.288803 83.439285 
-31.149750 -66.249058 87.728333 
-22.993484 -66.092389 91.017563 
-13.467545 -66.491478 93.073257 
-69.065208 -80.348646 10.475563 
-68.791586 -80.152960 18.760022 
-67.881208 -80.119720 25.962322 
-65.912883 -80.701603 32.893780 
-63.099139 -81.686128 39.356333 
-60.486940 -81.621625 46.037058 
-57.290050 -80.550484 53.012932 
-51.807743 -81.781525 58.915115 
-47.490843 -81.621251 64.417480 
-41.139910 -82.658903 68.744314 
-34.946941 -82.130211 73.323738 
-28.378368 -82.318270 76.778214 
-20.887611 -82.105072 79.763290 
-11.409939 -82.313523 81.587052 
-60.395386 -92.159779 13.122978 
-59.281628 -92.216682 19.131104 
-58.113978 -92.172659 24.526398 
-56.172891 -92.441397 30.486729 
-53.363537 -93.351027 36.109927 
-50.891757 -94.039652 40.508430 
-48.002165 -93.768848 45.966236 
-43.518810 -94.557266 49.834137 
-39.367636 -94.239403 54.620590 
-34.325525 -94.552414 57.939385 
-28.760528 -94.416551 61.250671 
-23.154270 -95.017355 63.065788 
-17.641254 -95.046093 65.193862 
-9.238487 -94.871858 66.811829 
2.478142 80.230782 36.068500 
7.199540 79.784577 36.753731 
13.421544 79.735759 35.171249 
19.365207 79.072441 33.529205 
24.380016 78.389199 31.100849 
28.495892 77.593895 29.256535 
33.422104 76.814244 25.579359 
38.354302 75.177994 21.458966 
41.666214 73.777283 17.508377 
44.168259 72.436486 13.678455 
46.194092 71.420845 8.235283 
48.402023 70.204783 2.667326 
50.858970 68.685188 -2.526055 
53.391235 66.865646 -7.545876 
4.121147 70.977417 52.762924 
9.037336 70.599365 52.453384 
15.684982 70.078293 51.174515 
23.357986 68.860184 48.921333 
29.307106 68.130981 45.757652 
34.630112 67.688283 41.711375 
41.269607 66.039525 37.007258 
45.601802 64.658030 32.167064 
49.561920 62.766068 27.727943 
52.947189 61.430671 21.709404 
56.311135 59.555786 15.448894 
58.823441 57.881874 9.870072 
61.130921 56.140938 3.534500 
62.910041 54.367287 -2.984798 
4.943039 58.290939 67.251913 
11.411667 58.152715 66.509628 
18.954213 57.488718 64.693369 
26.680515 56.326370 61.744858 
33.507772 54.908295 58.583735 
39.723267 54.083923 54.527100 
46.362274 53.117355 48.036682 
52.053093 51.269486 42.250778 
56.434713 50.019247 35.893926 
60.792882 47.821899 29.182816 
64.284798 45.412552 23.049469 
67.170349 43.225861 16.289978 
69.640023 41.049110 9.000709 
70.735977 40.006401 1.781806 
4.979070 42.691777 79.275675 
12.467743 43.063614 78.008270 
21.640793 42.411331 75.317612 
29.833557 41.478485 72.037857 
36.448435 40.263982 68.867086 
43.716781 38.730316 64.375252 
51.016388 37.880570 57.582161 
56.899429 36.116216 51.577509 
62.166224 35.032588 43.753322 
66.737472 32.999122 36.154255 
70.281769 31.475586 29.079224 
73.028229 29.991419 20.836349 
75.009552 27.683731 12.772995 
76.139048 25.206385 4.188495 
5.583076 26.018646 87.984406 
14.751911 26.245544 86.546418 
23.792625 26.139305 83.661980 
32.461563 24.284393 80.429657 
40.758286 23.817673 75.479172 
47.751892 22.938812 70.506233 
55.067466 21.584404 64.013870 
61.421654 19.751923 57.471565 
66.455582 18.489700 49.972282 
71.695068 16.449677 42.424500 
75.537453 15.968498 33.457390 
77.601654 14.693634 25.134964 
79.296150 12.491272 15.667610 
80.232040 10.805216 6.258789 
6.565850 7.718261 94.680992 
15.252736 7.313624 93.274201 
25.286217 7.067231 90.200943 
34.034515 6.148788 86.620880 
42.618495 5.855749 81.788610 
49.944789 5.688080 76.222915 
57.338607 4.914070 69.560531 
64.038216 4.004577 62.417434 
70.111488 2.415665 54.996704 
74.796356 1.443024 46.782501 
78.627075 0.570435 37.769787 
81.013179 -1.014038 28.637215 
82.341789 -1.981980 19.075299 
83.213921 -2.988777 8.554005 
5.915554 -10.060970 100.076675 
14.274902 -10.761024 98.945648 
23.623104 -11.328865 96.380089 
32.736323 -11.220772 92.904668 
42.192917 -10.812798 87.548447 
50.476791 -11.447845 82.007065 
57.837486 -11.577816 75.571938 
64.991913 -12.672890 68.466805 
71.182953 -12.835004 60.729914 
76.807709 -14.411461 52.334938 
80.382050 -15.412727 43.477127 
82.938553 -16.618409 33.585487 
84.286255 -17.346897 23.981625 
85.262807 -18.658587 14.544352 
5.081726 -29.165012 102.580124 
14.374786 -28.985314 101.562759 
23.125341 -29.383519 99.132716 
32.021820 -29.756653 95.717285 
41.797958 -29.308108 91.241404 
49.578171 -29.809018 86.465088 
57.659149 -30.155540 79.920268 
64.778954 -30.880401 72.615310 
70.976928 -31.345104 64.913322 
76.093811 -32.139793 56.702774 
80.254524 -31.963062 47.038052 
82.878479 -33.156059 37.150047 
84.120026 -34.135094 28.040039 
84.602274 -35.122876 18.208354 
4.681775 -48.211321 100.849701 
13.924667 -47.909798 99.953613 
23.171177 -48.616191 97.416741 
31.496256 -48.567848 94.557953 
40.320206 -48.654350 90.372979 
48.399628 -48.271095 85.195404 
55.381897 -48.760704 79.221313 
62.022926 -48.591522 71.821838 
67.953911 -49.032848 63.966178 
72.386261 -49.373299 56.266846 
76.392914 -49.598015 46.856026 
78.912516 -48.901820 38.512680 
80.116936 -50.220825 28.822254 
80.716456 -50.945422 18.756322 
4.437912 -66.127056 93.768540 
12.155162 -66.240303 93.686859 
20.370766 -65.906021 92.092575 
29.143253 -65.904751 89.072525 
36.598358 -65.557877 85.324402 
44.283264 -65.215279 80.462118 
50.659592 -65.536473 75.067169 
56.939311 -65.492907 68.664179 
61.821258 -65.561771 61.985894 
65.990257 -65.650540 55.168968 
69.589803 -65.860072 46.984309 
72.402626 -65.379776 38.654953 
74.146317 -65.988434 29.118286 
75.314656 -65.480176 19.983235 
3.225795 -81.864794 82.639771 
9.552948 -81.107956 83.068116 
16.271641 -81.931723 81.057357 
22.847774 -82.013672 79.064156 
30.824440 -81.590416 75.808665 
37.722152 -80.197216 73.255813 
43.777946 -80.527271 68.222839 
48.049774 -80.675152 63.795990 
53.076614 -80.087921 57.919983 
57.069725 -80.188938 52.107918 
61.036926 -80.409794 44.325092 
63.600098 -80.409486 37.603141 
65.776184 -80.289757 29.525719 
67.673744 -79.522267 22.521961 
2.326648 -94.493687 67.520271 
6.761213 -94.145731 67.875000 
11.908329 -94.762400 66.594452 
17.205944 -94.295647 65.744286 
23.827450 -94.217788 63.516022 
30.528957 -93.488226 61.147667 
34.658580 -93.637089 58.110855 
38.896815 -93.302242 55.154373 
43.486664 -93.298103 50.895454 
47.078903 -93.325722 45.930439 
50.755120 -92.442700 41.142571 
53.685051 -91.867716 35.247570 
55.492431 -92.126753 28.858314 
57.514252 -91.534508 23.338509 
-6.764218 88.407448 -24.123770 
-13.978088 87.188537 -25.807737 
-21.288996 84.379817 -28.026896 
-27.475128 81.032623 -30.179317 
-33.769455 78.550018 -31.650681 
-41.393327 75.317047 -33.740793 
-47.220127 71.580032 -34.911953 
-53.099327 66.366356 -35.439324 
-58.100776 59.923686 -35.803478 
-62.050690 53.413345 -35.660946 
-65.585085 47.612152 -35.236420 
-69.622756 40.275750 -34.986525 
-73.130969 33.121104 -35.093339 
-75.712056 26.158219 -35.795353 
-77.239080 19.518056 -35.177278 
-78.223585 12.222687 -35.316902 
-78.524043 5.162811 -32.832466 
-79.702826 -2.449646 -31.060841 
-80.987738 -9.114136 -30.084511 
-82.039684 -15.316475 -29.722120 
-82.599547 -23.660416 -29.197018 
-83.945590 -32.279697 -27.763963 
-83.204176 -39.339229 -25.379274 
-81.339072 -45.301089 -23.993747 
-79.318916 -52.878136 -21.713022 
-77.012944 -60.602488 -20.277008 
-74.911451 -66.977234 -18.755924 
-72.569751 -73.033947 -16.294404 
-69.099142 -80.096529 -14.432375 
-65.537973 -85.962144 -10.948459 
-60.971180 -91.667831 -9.142113 
-56.048463 -97.084198 -6.917747 
-50.731184 -101.879980 -4.086556 
-45.301908 -105.893963 -1.236939 
-39.116879 -109.712688 1.682109 
-31.861071 -113.182816 3.954445 
-25.636421 -115.726233 6.426041 
-18.402870 -117.449512 7.690964 
-9.494870 -117.520894 11.636136 
-0.882805 -117.174886 14.888145 
7.224846 88.530853 -22.612633 
14.803703 87.560272 -24.485409 
21.528084 85.667412 -25.739028 
28.320709 83.383682 -26.260696 
35.245224 80.471085 -26.960239 
41.806463 77.328588 -28.535097 
49.201424 73.233521 -28.277620 
54.439789 68.210602 -27.909241 
59.299698 61.856735 -28.357034 
63.037582 55.351944 -27.612133 
66.883247 47.908691 -28.321373 
70.273544 41.149277 -28.065810 
73.370002 33.866623 -26.893133 
75.705460 26.916952 -26.805580 
77.435982 19.975182 -25.356096 
78.803268 13.366028 -24.359699 
80.210808 6.196563 -22.993376 
81.698318 -2.035881 -22.101396 
82.675980 -7.501457 -21.205330 
83.703201 -13.463084 -20.677487 
84.592651 -22.187681 -19.156958 
85.486832 -31.482834 -17.487305 
84.072800 -38.106594 -15.728956 
82.629456 -45.414986 -15.064602 
80.619710 -52.608940 -13.037138 
78.082545 -60.099495 -11.049283 
75.704025 -66.346224 -9.960350 
72.795776 -72.892094 -8.762787 
69.313644 -79.638564 -6.566170 
65.421387 -85.691008 -4.003492 
60.476720 -92.095188 -2.184756 
54.838677 -97.784858 -0.200359 
49.392853 -102.396408 1.959416 
44.436600 -105.897317 3.728579 
38.061707 -109.828814 5.476944 
31.233044 -112.764196 7.344383 
24.098793 -115.347909 9.077698 
17.806866 -116.810558 10.420773 
8.101776 -117.540739 12.289272 
-0.882805 -117.174886 14.888145 
-50.633038 70.602852 -21.979032 
-55.980835 64.675095 -21.723602 
-60.287151 57.794947 -20.235592 
-63.951117 50.585129 -19.339094 
-68.024029 43.531959 -18.709816 
-71.205963 36.263840 -17.844700 
-73.592247 29.127105 -17.769649 
-75.232453 22.388565 -16.897095 
-76.468997 15.873955 -16.207861 
-77.934267 8.671409 -13.848854 
-79.695684 0.778849 -12.159065 
-81.077801 -5.857444 -11.427185 
-82.289665 -12.621971 -9.278303 
-83.551382 -20.988139 -8.183528 
-83.503702 -30.405647 -7.495277 
-83.321652 -37.740471 -5.802147 
-81.813096 -45.439735 -4.924683 
-79.830087 -52.340047 -2.887027 
-77.676379 -59.579258 -0.209961 
-75.267421 -66.633054 0.263705 
-72.529282 -73.537148 1.566254 
-69.174523 -80.232123 3.467598 
-65.651430 -85.736587 4.863602 
-60.651978 -92.341627 7.373108 
-55.633770 -97.016440 8.890633 
50.167275 70.600021 -15.232977 
55.340530 65.071487 -13.715296 
60.258326 58.812123 -11.499764 
64.269699 52.372055 -11.194176 
68.253296 44.964798 -10.683830 
71.974533 37.124664 -8.119095 
74.284745 30.626602 -6.652805 
76.305974 23.522863 -6.245636 
78.326304 16.651240 -5.341988 
80.288109 8.538230 -3.769547 
81.915619 1.812836 -1.836342 
83.266747 -4.323250 -1.434601 
84.471832 -10.849850 -0.551528 
85.733299 -19.832233 1.824215 
86.453209 -28.918087 5.292744 
85.441116 -35.616127 5.867607 
83.668694 -43.552422 6.202637 
81.061844 -51.242947 7.665767 
78.546244 -58.182070 10.408651 
75.924408 -65.054416 9.842585 
72.823227 -71.921383 10.529686 
68.916199 -79.348314 12.687748 
64.036164 -86.219362 15.164143 
59.330795 -91.312449 15.790760 
53.795395 -96.694126 16.249241 
-43.094162 76.052394 -17.725585 
-39.660927 77.137558 -10.519493 
-35.196743 79.112991 -4.781789 
-30.082417 81.274833 1.626259 
-25.340393 83.049508 6.908890 
-18.161991 84.842827 11.878139 
-10.545071 85.811081 14.858376 
5.190928 85.991257 18.290782 
14.030220 85.660652 16.514923 
21.165828 84.729264 12.885749 
28.192630 83.116355 7.909851 
33.165329 80.830803 3.141445 
37.381668 78.928894 -4.786804 
41.823135 76.637405 -11.408173 
-51.489459 -101.230464 6.675654 
-49.300508 -102.330856 15.158078 
-47.057993 -102.288535 23.277130 
-42.051987 -103.130069 31.238129 
-36.226566 -103.867500 37.422337 
-29.878632 -103.948730 42.729729 
-21.958424 -103.777708 47.268196 
-12.524887 -104.476077 49.360847 
5.234748 -104.348738 49.862137 
14.171966 -103.808526 49.532222 
23.099899 -103.640970 46.117241 
30.326122 -103.545023 41.697155 
37.056282 -102.936580 36.925209 
43.280334 -101.839101 30.523151 
47.103994 -101.547115 21.947337 
50.704765 -100.616192 11.464409 
-27.842858 84.129509 -15.799539 
-20.288342 86.196579 -10.713497 
-10.293783 87.429204 -5.574547 
8.613983 87.556066 -2.907036 
17.594877 86.877086 -6.689771 
26.917244 84.747231 -11.267665 
-32.870357 -111.001294 19.322040 
-24.417153 -112.588989 24.853749 
-13.654770 -113.005170 29.908519 
9.859971 -112.610371 31.599426 
21.868778 -111.273826 28.964982 
30.318870 -110.065256 23.510787 
