0.295891 87.405762 -30.677513 
-0.270729 88.501022 -12.564735 
-2.007957 87.550919 8.083076 
-2.080193 83.721512 27.129715 
-1.081100 75.903275 44.971992 
-1.985947 65.260147 60.290497 
-2.252968 50.445160 73.911774 
-3.462578 34.378555 84.012161 
-2.077896 17.263702 91.768600 
-2.637581 -1.365784 98.005051 
-3.808014 -19.180054 102.058136 
-4.959282 -38.791039 102.507553 
-3.746719 -57.367905 97.975861 
-2.910088 -73.915070 88.676666 
-1.737160 -88.848896 75.178772 
-2.734680 -99.501938 58.899323 
-2.524223 -108.295176 42.098045 
-1.263939 -114.823360 24.292137 
-0.498055 -118.535477 5.109154 
-82.151131 -17.721062 -39.218430 
-82.303987 -13.584557 -20.429028 
-82.349651 -12.182487 1.300308 
-81.673131 -9.735252 20.813660 
-78.090248 -8.108734 40.026001 
-69.442207 -6.612656 57.848938 
-56.322220 -2.953430 72.466797 
-40.732265 -2.466888 85.063232 
-23.850960 -2.075012 93.786758 
16.057930 -2.095306 96.104233 
34.611359 -2.035507 89.259552 
51.509079 -2.693283 78.144363 
65.011154 -3.048584 64.701141 
76.786026 -5.943321 47.307106 
82.186432 -7.973877 29.256004 
84.236069 -9.539131 9.447128 
84.314926 -12.164902 -11.314873 
83.225143 -13.631973 -30.009892 
-14.583275 88.244125 -17.242035 
-27.649879 84.178299 -21.005688 
-40.989429 77.393311 -23.825089 
-53.599205 68.081299 -26.406418 
-61.149551 56.060608 -26.101933 
-69.030045 41.579880 -25.410458 
-74.556068 27.210449 -25.429871 
-77.414055 13.811691 -25.131748 
-79.715136 -1.444763 -21.288235 
-82.853533 -31.243423 -16.912804 
-81.944530 -45.395340 -14.579258 
-77.536400 -59.914742 -9.166786 
-72.572954 -73.221935 -7.026093 
-65.724960 -85.680527 -1.534851 
-56.497421 -97.049145 3.799240 
-46.242558 -105.352043 9.313065 
-31.583717 -112.721729 13.295181 
-18.221245 -115.878593 17.816566 
13.790131 88.400452 -14.716736 
28.226929 84.640594 -17.140629 
41.272156 78.028458 -19.447296 
52.976578 68.731415 -19.855694 
61.901459 56.711578 -18.392750 
69.546219 42.435699 -19.124279 
75.143768 27.827911 -17.520939 
78.438919 14.932190 -15.078659 
81.847061 -0.648178 -12.464996 
85.509033 -30.082008 -9.250168 
83.504837 -44.183800 -4.869743 
78.789444 -58.169746 -1.052727 
73.248352 -71.998356 0.780724 
65.755814 -85.113289 6.027809 
55.226196 -96.163128 9.452263 
45.340164 -104.499304 13.913780 
31.168770 -111.404573 17.141258 
17.587128 -115.093870 20.042961 
-66.905706 44.735168 -11.180481 
-63.887489 49.907654 3.219147 
-58.142227 54.107651 16.903374 
-51.255341 57.104614 28.775429 
-42.544296 59.334229 41.531395 
-31.098137 63.641525 48.786346 
-17.499641 64.456207 56.456497 
10.474625 64.774200 59.713531 
25.187607 63.406342 54.736832 
38.193893 61.342346 47.335838 
49.357452 58.602737 36.431801 
56.939514 54.730865 25.164864 
63.747299 50.309341 12.095634 
67.041214 47.581757 -1.734451 
-72.199337 -74.292423 9.636261 
-71.314989 -73.777863 26.527306 
-66.991676 -74.947933 41.846352 
-61.261852 -73.534416 56.402939 
-50.478127 -74.136848 68.906158 
-37.509171 -74.928898 79.073425 
-20.928307 -73.528564 87.010513 
12.107628 -73.970066 88.607040 
27.368279 -73.844955 84.504211 
42.271683 -72.776787 76.470306 
54.204041 -72.805588 65.549957 
62.367706 -73.012138 53.205597 
68.691010 -73.441914 36.223038 
71.938858 -72.436668 19.853630 
-48.011509 72.212372 -18.166840 
-45.451721 72.719727 -8.905914 
-40.551388 75.217026 -0.779526 
-35.222492 78.185669 7.458717 
-30.160774 80.180252 14.337563 
-22.253929 82.181381 19.865669 
-12.752617 83.429077 24.297035 
6.520088 83.334900 27.675568 
17.656990 82.711227 25.233704 
25.216835 81.569656 21.704437 
33.810577 79.287094 15.767044 
38.607208 77.338226 8.755051 
42.363220 75.303177 -1.772827 
47.170242 72.519363 -10.939240 
-54.980183 -97.308250 14.541458 
-52.893654 -97.529491 23.802010 
-47.322826 -98.630234 35.146812 
-42.181908 -99.085957 42.266357 
-34.977871 -98.877758 49.582298 
-25.231758 -99.024841 54.974380 
-14.645653 -99.927574 57.792221 
6.792511 -99.874756 58.454559 
16.803162 -99.060181 58.027847 
27.833214 -98.761665 53.625595 
35.052704 -99.031746 47.890198 
42.667664 -98.503857 40.886246 
49.218246 -96.832123 33.427711 
52.213638 -97.140488 22.318115 
-75.954121 17.406448 -7.084785 
-74.894539 21.171371 11.068794 
-71.784470 24.228577 27.048119 
-63.276627 26.847794 43.981888 
-52.548515 29.895615 58.955368 
-38.948883 32.960068 70.089371 
-22.568748 34.254181 78.985336 
13.233215 34.657211 82.633514 
31.035751 33.897430 76.088074 
45.904907 31.285263 67.344940 
59.217163 29.227753 53.709381 
69.654755 24.776260 38.969131 
75.518188 23.045731 21.487541 
78.407486 17.644257 4.451492 
-81.703808 -45.579918 4.609749 
-81.686314 -44.177277 24.915573 
-78.965313 -42.941521 43.320656 
-71.351295 -42.214317 61.228439 
-57.990719 -40.654991 78.003250 
-43.059376 -39.275986 89.637390 
-25.055847 -38.246880 97.880142 
15.473587 -38.396706 101.085587 
32.107712 -39.335655 95.637039 
49.845749 -38.897163 85.681458 
64.049103 -39.575211 71.982834 
75.026596 -40.928123 55.255920 
81.494583 -41.295494 36.585922 
83.083588 -43.252182 16.667328 
-79.327011 2.730148 -2.580215 
-79.179871 3.754089 15.941521 
-76.079758 6.775452 33.773186 
-66.649626 10.300873 52.339005 
-54.974426 12.013275 66.799683 
-40.726902 15.092606 78.533539 
-23.508553 16.537170 87.235077 
14.976669 17.119156 89.946213 
33.693985 15.065109 83.794769 
49.164627 13.807037 73.697662 
62.979172 10.556686 60.590408 
72.873505 8.882248 45.772568 
79.405930 6.441284 27.842369 
81.788513 3.708801 8.213112 
-83.498758 -29.059517 2.255157 
-82.568931 -26.783638 22.455788 
-79.988216 -25.588501 42.410667 
-73.093737 -23.957687 59.379807 
-59.581608 -21.316536 76.017029 
-45.188610 -20.810265 87.538269 
-27.313057 -19.553169 96.376328 
12.674927 -18.948715 100.974304 
31.376984 -20.714668 95.474670 
48.654831 -19.903900 85.613586 
64.042419 -22.245796 72.297699 
75.812927 -22.747650 56.901459 
82.837601 -25.146225 37.823196 
85.468918 -27.072678 19.416534 
-72.456070 31.572174 -10.299202 
-71.240484 33.992493 6.446602 
-65.904964 38.865265 22.663979 
-58.603989 42.683426 35.792870 
-49.538933 45.522949 49.251709 
-36.224010 48.254517 60.523346 
-22.488182 49.183365 68.878571 
11.623901 50.946030 72.647049 
28.073570 48.479767 68.162888 
41.106018 46.395645 60.073257 
54.271576 43.116318 48.426598 
63.714706 40.725723 33.832268 
70.549316 35.574554 20.294197 
73.488358 32.652985 4.237114 
-77.619925 -59.592690 8.864983 
-77.485849 -59.425011 27.373726 
-73.993910 -58.896652 44.707603 
-66.777405 -57.639313 61.167770 
-54.570610 -58.969589 75.807693 
-41.228577 -57.932007 86.640564 
-24.420486 -58.360779 94.237015 
12.000099 -57.744057 97.456772 
30.318825 -56.760956 92.413834 
45.580582 -57.532417 83.974655 
58.987793 -57.549690 71.458603 
69.202026 -57.686333 56.411270 
75.583282 -57.720329 40.398071 
78.036301 -58.220306 21.311424 
-58.878372 59.338913 -13.942505 
-55.692398 62.202698 -2.185883 
-50.943230 65.198883 9.398079 
-44.468628 69.432968 17.910973 
-36.673115 72.010971 27.825005 
-27.642799 73.213760 36.718735 
-15.229256 74.944931 42.097618 
7.764183 75.690323 44.830711 
20.564400 74.278793 41.960350 
30.967354 73.166550 36.220757 
42.144760 70.291077 27.366295 
48.614319 67.430374 18.116997 
53.728882 64.632919 7.835571 
58.446930 60.672562 -4.298096 
-65.430075 -86.179871 11.798332 
-63.712688 -86.239216 24.651115 
-58.763298 -87.554508 36.948006 
-52.466232 -88.014027 48.959236 
-43.332775 -88.858631 59.487289 
-32.619137 -88.725746 67.026733 
-20.776642 -89.283031 72.068161 
7.172661 -87.852413 76.464661 
18.422806 -88.982891 72.703568 
32.163757 -87.518559 68.378647 
42.074783 -87.286499 61.624176 
51.367935 -86.862549 50.626266 
57.876968 -86.683559 37.678986 
62.072083 -86.568054 25.026299 
-33.822990 80.773972 -12.270256 
-25.135201 83.857544 -4.525749 
-13.625862 86.365051 3.529121 
10.272919 87.378845 8.172157 
22.057144 85.292816 0.725510 
31.725334 82.306229 -6.591766 
-40.114014 -106.740107 22.086807 
-31.267799 -107.683664 32.160042 
-18.135750 -108.327908 39.399544 
11.421837 -108.751123 40.526993 
25.892197 -107.077572 36.624619 
36.842484 -105.741785 28.605247 
-13.101761 83.540665 -33.410690 
-26.330360 77.852692 -38.503220 
-40.743446 71.906631 -41.867359 
-51.160015 62.886505 -43.538784 
-61.464489 49.479080 -44.990631 
-70.041386 39.314117 -45.018284 
-76.099234 24.916016 -45.125923 
-78.483019 10.337784 -44.342331 
-79.503439 -3.879623 -41.117760 
-84.485071 -33.092133 -37.824085 
-82.068615 -45.781624 -33.668941 
-76.251396 -60.126793 -30.876606 
-71.449110 -72.836945 -26.178627 
-63.995266 -85.815144 -21.545452 
-55.249901 -96.156769 -17.270744 
-44.687645 -106.212215 -11.623230 
-32.614052 -112.909616 -5.238312 
-18.221046 -117.384274 -1.817146 
15.320534 83.374481 -32.949306 
27.872253 79.292709 -34.323742 
42.040329 73.821930 -37.016384 
54.056091 65.277420 -36.608040 
62.718750 52.458420 -37.072456 
71.247803 39.112183 -36.515553 
76.448029 26.243469 -35.686478 
79.467361 11.777664 -33.925247 
81.346893 -2.916504 -31.842907 
86.625778 -32.670067 -26.375969 
82.068039 -46.193047 -24.776157 
77.099838 -61.580528 -22.017845 
72.297897 -73.749603 -17.902378 
64.418747 -86.682079 -13.987778 
53.867935 -98.073971 -10.185715 
42.823166 -107.009867 -6.348938 
30.359131 -113.157747 -2.745148 
16.689713 -117.391278 0.793571 
