94.983425 221.985999 57.751953 
94.915298 220.517591 78.359227 
94.773626 217.006650 99.583410 
93.510768 211.019698 118.559135 
93.402714 198.167155 136.195704 
95.095842 183.119779 150.276239 
94.517032 166.429164 160.977396 
95.164197 146.280440 170.079042 
94.443463 127.277284 177.100066 
93.458733 106.088944 180.249492 
95.869073 86.521796 178.982338 
94.081647 65.898632 171.037346 
94.064050 49.016286 157.548009 
95.178425 36.424514 142.877311 
95.491316 25.002253 123.526112 
95.822065 18.148453 104.684944 
95.718930 13.958883 84.487303 
95.748316 13.023846 63.904257 
95.432072 14.945194 42.488330 
11.988963 116.135146 46.982331 
11.990741 113.087409 66.796450 
12.029321 112.418279 86.496496 
14.055892 111.734391 106.169764 
18.007609 108.879157 126.115246 
27.029239 107.027347 143.703183 
41.154570 107.753334 157.537043 
56.852365 105.655326 169.040215 
76.063511 105.449740 176.664076 
115.215955 105.963310 177.004348 
133.463163 106.716428 169.906222 
149.351695 107.873022 158.082722 
163.762544 108.332781 144.833040 
173.363886 109.208766 128.110178 
178.007972 110.681076 107.272274 
179.958513 112.556294 88.916306 
179.962341 114.306980 67.500466 
179.967339 115.100175 48.180898 
80.421188 218.961268 77.497982 
66.363821 214.001956 75.527789 
54.098278 206.666319 74.447143 
43.787088 197.137081 73.864675 
33.887172 185.386564 72.904684 
26.930035 172.386125 71.294550 
21.106537 158.578719 71.020961 
17.987902 145.220457 70.402977 
14.961682 130.674245 68.789654 
12.020240 102.150858 65.554595 
13.261376 86.328298 65.662213 
18.018230 73.046377 65.122662 
23.275776 60.244274 63.358094 
31.597720 47.965440 63.351284 
41.818276 36.850485 62.399285 
53.288514 26.392867 63.272166 
65.538758 19.935754 61.820633 
77.947104 15.042537 63.273823 
108.912182 218.961311 77.868257 
124.013929 214.503086 76.997055 
136.215881 207.282479 76.682430 
147.992105 197.688347 73.808215 
157.268187 186.180121 73.473870 
164.993362 173.613127 72.978192 
170.146119 159.329364 71.185016 
173.966366 145.751261 70.248866 
177.013688 131.215944 69.449263 
181.372908 101.971366 65.712585 
179.129703 88.053544 65.145137 
173.952093 74.435533 65.085711 
168.182041 60.478508 62.661854 
160.318235 46.945768 64.070462 
150.428408 36.972821 62.744368 
139.295981 26.894538 63.840055 
127.165279 19.990213 62.028164 
112.711354 14.961174 64.208212 
28.089172 173.523385 85.671415 
32.926220 176.514285 98.463526 
38.280746 177.841399 111.379891 
45.332988 178.942181 122.538106 
56.984985 180.858179 133.483953 
66.560699 181.958114 140.539390 
79.887735 182.611568 147.273572 
107.081452 182.410733 149.028004 
120.704414 182.909396 142.959221 
132.356637 181.151813 135.419252 
143.506650 179.549946 125.911632 
151.292509 178.661010 114.112676 
157.998292 177.494106 101.113071 
161.677157 176.367314 88.956828 
25.149827 56.381010 77.952455 
29.740000 50.842733 92.616507 
34.297537 47.057944 106.274502 
42.250754 43.623625 118.854505 
53.143823 40.989942 129.691357 
66.344384 37.886393 136.215024 
79.437942 37.297930 140.871832 
110.917499 36.928449 141.173966 
125.439896 38.958303 137.419141 
137.505419 40.556669 131.105268 
148.844612 43.327289 120.017258 
156.960081 46.535168 106.592390 
162.194908 50.704936 93.693568 
166.591421 56.032839 79.818427 
47.171122 199.800210 82.337731 
50.902234 201.945249 90.052363 
55.184537 203.816026 97.241768 
62.129569 206.471578 104.803302 
69.309826 208.028244 109.711713 
77.046097 209.742094 113.322800 
85.066652 210.225050 116.110705 
103.573500 210.705987 116.923114 
112.205358 210.556456 112.935538 
121.302207 208.964371 109.661229 
127.542777 208.002668 103.847937 
134.836282 204.657941 98.607532 
139.959908 202.606281 92.234697 
145.036690 199.374524 84.060160 
43.937219 33.561349 70.499868 
46.977091 30.115207 78.753125 
52.828126 26.766662 86.968800 
60.068573 23.439498 92.318594 
67.960344 21.587415 97.590714 
76.288044 20.045693 101.617552 
85.022559 18.940976 103.256875 
104.561760 18.795063 103.263999 
113.800685 19.234906 101.553877 
123.572523 21.323210 98.867243 
130.131697 22.730024 93.423430 
138.588987 26.024370 87.864540 
143.592055 29.014101 80.024502 
148.002643 32.562944 72.585860 
17.977239 144.448802 87.134536 
20.887125 145.249928 104.450863 
26.316820 146.394735 120.904698 
35.544950 146.067439 135.428927 
46.948754 146.153368 148.065949 
61.510849 146.408266 159.952788 
76.676778 146.628240 166.892632 
111.841639 145.309634 168.139592 
127.315116 146.716767 161.020640 
142.000242 146.023439 150.929608 
153.453740 146.368330 139.040790 
164.059448 146.290874 123.946728 
170.728687 145.105997 109.082434 
173.645076 144.951090 91.932996 
14.990157 82.678149 83.739006 
17.878629 78.644018 101.519329 
21.921682 75.668760 119.590279 
31.013788 71.751730 137.249995 
43.213529 69.743579 150.879025 
58.755812 67.747484 162.089002 
76.868771 66.820097 168.956830 
114.300564 67.821069 170.004642 
132.923216 68.390826 162.609311 
147.845271 70.522677 151.661631 
160.069379 73.519325 139.363538 
169.470583 76.462164 122.957231 
174.070627 79.661759 103.831403 
176.975188 83.450969 85.297527 
14.739183 129.118135 87.717674 
17.025714 128.305162 106.331181 
21.272106 129.127155 123.842654 
31.773827 128.867637 140.274963 
44.101040 127.232442 153.601137 
59.569590 126.238557 165.216852 
76.584501 127.561017 172.993920 
111.920162 127.749460 174.397710 
129.657042 128.575798 166.006154 
144.979458 128.890546 155.468450 
158.537410 129.682387 141.962549 
169.005574 128.461027 127.170514 
174.968708 129.967155 108.415566 
177.053850 130.251016 91.557749 
11.987123 99.346581 85.112870 
14.015822 97.415557 105.689540 
18.020790 93.403367 123.451960 
26.686827 92.509166 141.104451 
40.978238 90.164327 156.478710 
56.057041 88.265249 167.683777 
74.970610 86.457146 175.330550 
114.848624 88.501287 176.724387 
133.595544 87.418743 168.997096 
149.576930 88.618881 157.885514 
162.738485 90.994759 143.920768 
172.975682 93.445438 126.447997 
178.000483 95.913450 107.113861 
179.952239 99.131612 88.040324 
22.153401 159.795361 86.758343 
25.872054 160.484565 103.252567 
32.025389 162.675509 116.426189 
40.361802 162.502347 130.925082 
50.517537 163.753982 141.762094 
64.483350 165.304039 151.125873 
77.832403 166.281104 157.968417 
109.900756 167.531004 158.536876 
124.273860 166.534997 152.137551 
137.692396 166.118774 143.938856 
149.562148 164.155569 132.274421 
158.776076 163.005342 119.100212 
164.845873 162.345978 105.746140 
169.003568 160.172348 90.478006 
20.427809 67.995917 80.922201 
23.022151 64.194431 97.583046 
27.454634 60.095809 112.530977 
35.843967 55.954686 127.794433 
47.399464 53.628983 140.966658 
61.801972 50.545409 149.282832 
77.686620 49.102758 155.768069 
111.406707 49.411416 155.957489 
127.107173 50.190779 151.081979 
142.372792 53.424277 143.003457 
154.533394 56.267566 130.894620 
163.703158 60.480390 117.810525 
168.911037 63.880272 100.851997 
171.954271 69.487781 86.073188 
37.015062 187.562772 83.016811 
41.719388 190.129453 94.709396 
46.789142 192.118842 103.958484 
53.527182 194.017802 114.005735 
61.650027 195.111566 122.426966 
72.112422 196.746296 129.477244 
82.941442 198.217818 133.807846 
105.479929 197.951648 135.571533 
116.796580 196.645623 131.582855 
127.549186 196.188634 124.141955 
135.435267 194.773329 116.848511 
142.221507 193.440866 107.285025 
148.726735 190.895781 98.063572 
154.411107 188.057668 87.648393 
34.031717 43.201346 74.418527 
37.650082 39.995877 85.851277 
43.110567 35.246308 95.883959 
50.059670 32.528418 104.517679 
59.770220 29.035422 111.414487 
69.705212 27.378790 117.914091 
82.608593 26.013828 121.711835 
106.904453 25.075536 120.834940 
117.254312 26.583288 118.289953 
129.047817 28.340141 114.171001 
138.835982 30.280794 106.194522 
147.368954 34.905199 98.458861 
152.580130 38.036244 89.045936 
157.007531 41.735027 78.226681 
62.324662 211.024260 83.345393 
69.428153 214.005130 92.385742 
81.497812 216.014796 97.897242 
106.078220 216.957830 98.550097 
117.560844 215.021296 95.920336 
128.125091 211.326083 88.636249 
60.175316 21.135270 71.551333 
70.773229 16.947481 78.715794 
82.432956 14.987305 83.268711 
107.709512 15.038479 82.676887 
119.489065 17.060598 78.957958 
130.270234 20.791484 73.292427 
81.004016 221.001755 56.795907 
68.192634 215.710712 56.163973 
55.339311 210.013061 55.584433 
44.225833 200.823194 54.505892 
35.004304 188.553376 52.212590 
27.995066 175.269609 52.363566 
22.056292 163.623211 50.020423 
18.048134 147.676640 49.560286 
16.051402 133.732383 47.540447 
10.998855 106.072658 45.916228 
7.306189 91.407717 44.831361 
15.853227 81.975014 43.965289 
21.412655 68.059441 43.298413 
29.561440 54.879316 42.572432 
38.919665 44.634958 41.797979 
49.013332 33.466126 41.286677 
60.844806 24.701168 42.097361 
75.388246 18.517134 42.111833 
109.793855 220.964796 58.247389 
122.659347 216.537567 57.157233 
136.906931 209.984120 56.575226 
148.600295 199.924270 55.678886 
156.072917 189.388564 54.003571 
163.863234 175.620528 53.898934 
169.955794 161.613155 53.133581 
174.029173 147.335516 51.280268 
175.974866 133.656591 48.616472 
182.038006 105.110436 47.789561 
184.036812 90.009085 46.394840 
175.246379 77.915802 46.267846 
169.058561 64.459783 45.790812 
160.502794 52.984559 42.965675 
151.282725 41.859864 42.530029 
140.945562 31.510039 43.234115 
127.540438 23.027583 42.234779 
113.561190 17.034147 42.084202 
