-1.311472 213.577254 23.661857 
-1.285307 212.933171 33.859948 
-1.636972 213.768528 44.318044 
-2.044574 213.058553 55.010208 
-2.045716 211.973409 65.752204 
-2.682352 209.611973 75.341758 
-3.550115 207.529706 85.130202 
-3.936238 201.870175 94.365806 
-3.890038 196.135042 103.739184 
-2.847169 189.087413 111.114766 
-2.386955 182.267055 119.002583 
-2.756745 174.048293 124.881234 
-3.115311 166.489744 131.001431 
-2.973784 156.713041 136.495482 
-2.601384 147.137038 141.699025 
-3.457984 137.866374 145.704570 
-3.428265 128.759109 150.213846 
-4.066809 118.249493 152.543718 
-4.473230 107.892132 155.042059 
-3.671712 98.289992 155.186046 
-2.066918 88.286421 155.380411 
-2.820076 77.466060 152.472251 
-3.776175 67.091819 149.095514 
-3.746235 57.758563 143.007472 
-3.643146 49.180694 137.006261 
-3.212040 42.596198 130.212443 
-2.359269 35.451410 123.409115 
-2.021851 29.612880 114.291916 
-1.817520 22.511978 105.043048 
-1.475602 18.948905 95.872927 
-1.259676 14.167209 86.818689 
-1.647042 11.788091 76.822269 
-1.116173 8.369129 67.022996 
-1.461165 7.288718 56.658970 
-0.832116 5.784119 46.583475 
-0.880461 5.979380 25.080149 
-84.271658 107.203401 20.393917 
-84.518990 105.756750 40.387266 
-84.725726 106.671862 60.076372 
-83.173903 107.448918 70.002000 
-82.944306 107.570114 79.764741 
-81.053198 107.263951 90.078419 
-79.243444 106.325893 99.922771 
-74.632190 105.941396 108.971233 
-70.442781 105.892526 117.713642 
-62.744939 106.828358 123.956805 
-56.489615 107.727144 131.619433 
-47.995052 106.909243 137.393837 
-40.937989 106.559715 143.448609 
-31.109379 106.405603 147.269460 
-21.823215 106.967054 151.303110 
-13.216765 107.455491 153.133087 
6.067542 107.925496 154.024746 
17.322478 107.506292 152.088802 
26.206722 107.557793 148.168112 
35.657170 107.686937 145.181010 
43.710896 107.714636 139.042155 
51.692455 107.890268 133.501686 
58.411504 107.389996 126.692807 
66.267187 107.284479 120.438445 
71.232840 106.531857 112.094356 
76.076331 106.814648 103.820167 
78.700143 106.919713 93.439212 
80.980304 106.608742 82.990810 
81.659162 106.423803 74.083575 
83.160521 107.003762 64.569267 
83.432051 107.028920 43.083720 
83.677761 106.268028 23.764415 
-8.408669 212.477774 44.059651 
-16.120819 212.148066 43.404047 
-22.964085 209.205174 42.694613 
-30.157590 207.046550 41.663478 
-35.883296 203.072436 41.205054 
-42.416101 199.647822 41.022662 
-47.498435 194.575683 40.906868 
-52.728792 190.102585 41.078877 
-57.423490 184.042934 40.710492 
-62.627774 178.312926 40.942314 
-65.701781 171.714175 40.481783 
-69.577384 165.225171 40.294793 
-72.337892 158.150178 41.081023 
-75.410847 151.440390 41.058322 
-76.240581 144.466998 41.520048 
-78.534932 138.075644 41.476226 
-79.419417 130.903971 41.379530 
-81.555436 123.446853 40.998630 
-82.533401 114.372679 40.514547 
-83.991189 100.467787 40.524573 
-84.485013 94.755792 40.028116 
-84.157245 86.816452 40.614300 
-83.261141 78.992980 41.421428 
-79.714215 72.995219 41.210651 
-78.511246 65.710629 42.009494 
-75.259380 59.672164 41.784695 
-73.245003 52.808167 41.344301 
-68.519089 46.587465 41.822508 
-64.935905 40.568445 42.427213 
-59.633791 35.260331 42.685873 
-54.715441 29.412937 42.498252 
-48.582617 24.425838 43.473803 
-43.267397 19.059197 44.350920 
-36.686217 16.106053 44.135047 
-31.006538 12.506369 43.575331 
-24.428065 10.449396 44.655932 
-18.622098 7.745661 45.571242 
-9.374217 6.979545 45.938674 
5.103951 212.710386 44.093719 
12.363366 212.177845 44.128054 
20.105256 209.924226 43.899456 
27.470299 207.664055 43.805886 
33.232619 204.016168 43.826184 
39.667986 200.441503 44.224152 
45.096780 195.525858 43.133127 
51.469391 190.647536 42.276589 
55.637034 184.681062 43.132589 
60.737390 179.149630 42.983054 
63.962034 172.758836 43.229505 
68.455547 166.583420 43.594418 
70.793945 159.307284 43.069892 
73.615881 152.201785 43.018388 
75.227825 145.238188 43.150382 
77.433872 138.592359 43.223281 
78.335375 130.907255 43.209047 
80.476344 124.039775 43.631508 
81.273625 115.453554 43.119389 
83.768538 100.711082 43.164251 
84.852369 94.589568 42.309903 
84.382085 87.449868 42.598069 
82.602460 80.671128 42.834017 
79.217172 74.413038 43.214642 
77.412364 67.092331 43.803839 
74.374400 59.851967 43.014550 
71.658897 52.985730 42.436892 
67.313177 46.303925 43.613495 
63.764668 39.609823 44.829578 
58.210640 34.742381 44.361940 
53.882098 29.562592 44.185506 
47.758764 24.506843 45.059444 
42.726845 19.604853 45.948183 
36.656822 16.740604 45.141142 
30.612677 12.577319 44.545586 
22.961518 10.327384 46.112905 
16.127769 7.739600 46.942189 
7.889780 6.897461 46.353636 
-68.595737 167.513341 54.547226 
-65.702958 169.467698 60.326460 
-63.914930 171.521896 67.117117 
-60.933917 172.385844 73.359514 
-58.719892 173.882017 79.950903 
-54.701736 174.140727 84.948802 
-51.805663 175.875343 91.071681 
-45.429054 176.771259 96.536089 
-40.288583 178.664197 101.972635 
-35.403098 179.321658 104.851044 
-30.800130 180.327191 109.035711 
-24.061830 180.825105 112.142436 
-17.557102 181.519346 115.861185 
-10.051063 181.788103 117.241460 
3.605114 181.679477 118.260490 
9.612517 181.460055 117.964739 
16.291192 181.371436 114.663715 
23.310284 181.469733 112.045707 
28.943883 179.900790 108.427421 
35.053479 179.112304 104.816984 
40.369488 177.387078 99.858554 
46.319094 176.752068 95.608356 
50.002676 175.424825 89.322515 
54.249983 174.918446 84.016808 
57.365067 173.411252 77.265167 
61.115513 172.711333 71.237446 
62.613635 170.884682 65.365489 
64.943926 170.611932 59.257726 
-71.556202 50.129431 56.223971 
-68.854003 48.136538 63.886726 
-67.154030 45.786690 71.341449 
-64.598409 44.767284 78.335363 
-62.770245 43.110979 85.314980 
-58.277796 42.291017 91.555231 
-54.977305 40.698034 98.228247 
-49.499343 39.895909 103.565932 
-44.222293 38.943148 109.376462 
-37.275289 37.768025 112.622440 
-31.106875 36.373530 116.292236 
-24.438103 36.853417 118.676565 
-18.072752 36.160949 121.144026 
-10.173668 36.183030 121.783956 
5.671151 36.211883 122.245211 
13.400240 35.816925 121.867024 
20.421586 37.054271 119.905107 
27.970170 37.538678 118.142545 
33.705058 38.393181 115.178629 
40.114764 38.624825 111.871521 
45.577317 39.871668 106.075720 
51.593544 40.496034 100.738968 
55.282547 41.832523 93.470405 
59.878309 42.615421 87.202007 
62.066852 44.495559 80.871101 
65.277085 45.735836 74.076222 
67.219538 48.355143 67.078952 
69.850894 49.932238 59.873903 
-49.447578 193.437571 49.352214 
-47.032891 194.291590 53.059096 
-45.810413 196.195232 56.915565 
-43.386648 196.746009 60.435300 
-41.615851 198.637337 63.984317 
-37.688104 199.707172 67.555771 
-34.762604 201.891566 71.394121 
-30.897580 202.015920 73.921173 
-27.642301 203.837391 76.250751 
-23.682355 204.021900 77.643999 
-19.949760 205.835707 79.808653 
-15.890918 205.335584 81.207153 
-11.963965 206.540996 82.648481 
-7.704822 206.252490 83.358617 
1.211554 206.838702 83.896006 
6.531839 207.085622 83.650153 
10.719176 206.107273 81.639797 
15.212397 206.616338 79.795313 
19.736525 204.866804 78.038213 
24.347609 204.766441 76.773016 
27.173707 203.124189 73.881277 
30.658924 203.340987 71.133927 
34.162685 201.050868 68.215605 
38.013593 199.586215 66.270309 
40.213818 197.694340 62.983906 
43.213909 197.029389 60.147137 
45.284640 194.552664 56.261134 
48.388579 193.151585 52.322404 
-52.700550 26.784970 50.862568 
-51.105559 25.841528 55.154300 
-49.766855 24.012766 59.403135 
-46.369793 22.893615 63.662796 
-44.021649 21.334826 67.933430 
-40.283150 20.348559 70.731546 
-36.851529 18.448042 73.622915 
-32.494643 18.005682 76.241182 
-29.027696 17.025336 79.124646 
-24.578280 16.901825 81.225914 
-20.752191 15.811984 83.365722 
-16.547048 15.784168 84.057266 
-12.039817 14.842486 85.197155 
-6.648746 15.002019 85.861601 
3.271567 15.100911 86.312371 
7.497633 14.697616 85.459404 
11.963988 15.180565 84.141183 
16.757518 14.998702 83.834723 
21.809951 16.790804 82.221455 
26.564051 16.864501 81.111023 
29.467181 18.021168 78.239387 
33.191727 17.829586 75.653962 
37.164531 19.670845 72.492780 
41.720689 20.666866 69.954280 
43.547619 22.277534 65.858367 
46.823721 23.017319 61.962421 
48.781243 25.050225 58.001988 
51.329893 25.957313 54.318351 
-78.754145 138.650169 58.214281 
-77.278493 139.867956 66.511108 
-76.058724 140.839355 75.445259 
-73.480011 142.040409 83.558677 
-70.832635 143.301847 91.820393 
-66.256536 143.406119 98.818516 
-61.785917 144.142027 106.437838 
-55.704600 144.460854 112.708952 
-50.539844 145.242538 119.168242 
-42.964658 145.956828 124.757071 
-36.126240 146.451228 131.176722 
-28.178569 146.394868 134.164927 
-21.047450 147.227819 138.264896 
-11.964054 147.221889 140.077893 
5.453235 146.639053 141.065700 
14.097878 146.013614 140.051726 
21.832971 146.304261 136.065585 
29.659967 146.844490 133.036102 
36.893174 145.859863 128.189686 
44.468575 145.343006 123.217077 
49.778554 144.816058 117.017359 
56.069169 144.732009 111.482578 
61.388655 144.117429 103.515480 
66.861420 143.442622 96.576790 
69.835239 141.968281 89.590792 
73.713547 141.067843 81.939894 
74.886565 140.109513 73.411797 
76.842523 139.536191 64.895949 
-81.760631 76.806341 59.753089 
-79.504304 76.144349 68.656983 
-79.097223 74.213151 77.834544 
-76.941976 73.411260 87.281619 
-75.281874 72.698754 96.135018 
-70.575921 71.214240 105.171474 
-66.413698 70.212601 114.164150 
-59.607034 69.895646 120.756941 
-54.386164 69.305462 128.061356 
-46.721657 69.352972 133.378088 
-38.986294 68.216072 139.588185 
-29.777120 68.436640 143.082620 
-20.960957 67.843224 146.733434 
-12.432330 67.764703 147.648363 
6.232300 68.013887 148.351069 
16.455920 68.925111 148.163750 
25.787454 69.097865 144.308968 
35.169535 68.899120 140.979137 
42.526327 69.580446 135.240334 
50.228519 70.144894 130.082381 
56.053290 71.247971 123.219699 
62.607399 72.144222 117.736620 
67.202621 73.069754 109.678580 
72.214558 73.759990 101.265383 
74.681157 74.624336 91.980957 
77.054958 75.413284 82.003186 
78.228311 76.846249 72.682795 
80.193246 77.701827 63.262512 
-82.014530 123.415850 59.986236 
-80.947126 123.531010 68.989594 
-79.960140 124.100325 78.631953 
-77.748259 124.946719 87.560503 
-75.930720 126.325983 96.072407 
-70.817993 126.492508 104.208641 
-65.634137 127.386957 112.602046 
-59.227045 126.831941 119.243333 
-53.475007 126.827249 126.169037 
-45.743158 126.971164 132.122497 
-38.152900 126.769414 138.018864 
-29.442893 127.487209 141.780607 
-21.234565 128.712168 145.875997 
-12.249316 128.607298 148.216572 
5.362017 129.317628 148.709826 
14.081109 129.012738 147.700247 
22.819733 128.701759 143.465768 
31.921649 129.162494 139.491065 
39.604410 129.074592 134.630935 
47.374052 128.629958 129.153834 
54.044815 128.076162 122.428158 
61.099466 128.334603 115.797929 
66.160103 126.766426 108.656542 
71.749289 125.929262 101.283313 
74.736454 125.562291 91.873605 
77.946374 125.924344 82.543740 
78.594094 125.037368 73.985158 
80.240985 124.853462 65.744860 
-84.763817 93.531268 59.746483 
-83.265626 93.526796 69.841120 
-82.992736 93.258963 80.435440 
-81.050346 92.141655 89.761892 
-79.212674 90.686204 98.511199 
-75.322269 91.252345 107.361314 
-70.767421 91.212537 116.285081 
-63.350873 90.810190 123.937155 
-56.670389 90.109955 131.974840 
-49.310850 89.875098 137.498349 
-41.733806 89.116873 143.483210 
-32.641195 88.618021 147.510500 
-22.918474 87.928711 151.485526 
-12.325928 87.934469 153.628057 
7.435731 89.271601 154.257544 
16.941180 90.078186 153.207430 
26.399479 89.187307 149.345965 
35.781524 88.378572 145.826188 
43.668017 88.389016 139.985663 
51.900857 88.682479 134.854088 
58.348777 89.291447 127.382180 
65.237189 89.929196 120.908715 
70.814744 90.588339 112.252186 
75.693027 90.968747 103.424478 
78.439258 91.426904 94.113567 
80.960006 91.876092 84.018701 
81.594055 92.553196 74.303998 
83.151694 93.552093 64.774137 
-74.558280 153.916947 56.658999 
-72.430293 154.505236 64.582679 
-71.044058 155.928552 73.089656 
-67.826952 157.293910 79.835730 
-65.052605 159.170373 86.120433 
-60.747613 159.537580 93.433431 
-56.897064 160.162154 100.689140 
-51.596340 160.453238 105.596884 
-46.875444 162.280050 111.516328 
-39.362988 163.464919 116.261589 
-33.025448 164.577092 120.898661 
-26.202309 164.995101 123.650057 
-19.761427 166.100515 127.806425 
-11.041068 166.403550 129.318445 
4.671559 167.108993 129.744352 
12.298629 167.392030 128.672162 
19.216881 166.276633 125.421906 
26.749090 165.885320 122.553053 
33.206454 165.314949 118.163572 
40.267983 164.812016 114.582074 
45.636969 162.888442 108.436571 
52.279703 161.918399 103.261748 
56.611717 160.542301 96.558368 
61.655368 159.713887 90.338269 
64.148995 158.829306 83.756355 
67.889870 157.984208 77.156933 
69.595993 155.925595 69.524796 
72.234674 154.591437 62.165642 
-76.303112 61.945319 58.192363 
-74.786031 61.150946 66.881649 
-73.919676 59.494119 75.135695 
-71.655582 58.162426 82.788557 
-69.677267 56.609181 90.418540 
-65.409959 55.055820 98.240091 
-61.482277 53.707219 106.068576 
-55.498906 53.573965 112.663676 
-50.093581 52.446869 119.527962 
-42.887818 51.476432 123.498775 
-35.798550 50.041114 128.243686 
-27.685822 49.725150 131.255322 
-19.997115 49.123943 135.021223 
-11.806224 49.788604 135.881197 
4.809201 49.181746 136.105923 
13.718312 49.446815 135.605338 
21.556565 50.148797 133.095413 
29.478885 49.832116 130.878975 
36.969207 51.676292 126.753627 
44.846877 52.406396 122.757702 
50.507745 53.640426 116.457412 
57.159752 54.268059 110.612096 
61.715343 56.282191 103.890813 
66.495504 57.416512 97.347217 
68.828465 58.622242 88.485836 
71.916978 59.443498 80.236641 
73.105509 62.090439 72.372841 
75.149116 63.846032 65.094329 
-59.623527 181.294195 50.885212 
-57.290414 182.690627 56.227371 
-55.062201 184.791599 62.391625 
-52.370449 185.752312 66.719693 
-50.105710 187.517343 71.513534 
-45.968774 188.687278 76.269730 
-43.491063 190.217048 81.459012 
-38.925228 190.701284 85.621693 
-35.472332 191.983576 89.865758 
-30.275677 192.805690 93.040336 
-25.096667 194.179223 96.891794 
-19.582080 194.536781 98.664189 
-14.320795 195.993776 101.224822 
-9.073868 195.701000 102.225172 
2.230289 195.480605 103.564806 
8.193775 195.870105 103.284849 
13.911082 194.363387 101.028915 
19.557773 194.247974 99.555230 
24.625427 193.424772 95.604625 
30.401492 193.194894 92.309599 
34.089177 191.443888 88.571939 
38.376118 191.198435 85.252179 
41.573683 189.596253 80.432811 
45.279261 189.102247 75.911870 
47.916837 187.316964 71.507568 
51.895954 185.824821 67.006338 
54.150947 183.501099 62.129972 
57.706385 182.159447 56.924331 
-62.644302 36.708532 53.870745 
-60.526534 35.603533 59.562372 
-59.171401 34.431564 65.568169 
-55.960840 32.764162 70.408917 
-53.840682 30.503046 76.017102 
-50.050466 29.870505 80.218698 
-47.002055 28.487295 84.927096 
-42.294518 27.413451 88.506123 
-37.381402 25.559454 92.202570 
-32.369694 25.605625 95.634965 
-27.529552 24.430146 98.937486 
-21.266870 24.727091 100.691252 
-14.675701 23.374583 102.993038 
-8.157875 23.457653 103.847776 
4.130989 22.871489 103.212206 
9.628225 22.368900 102.497084 
14.823706 23.572194 100.890684 
20.010394 23.667397 99.968383 
25.993258 24.896459 97.666703 
31.855892 25.087790 95.868906 
36.197528 26.099765 91.510514 
41.744295 26.381595 87.884916 
45.502242 28.650556 83.689938 
50.377296 30.369825 79.909798 
52.807883 31.926744 74.704767 
55.708093 32.734818 70.341499 
57.678909 34.830416 64.382209 
60.273209 35.552777 59.316165 
-38.041632 201.602411 45.403308 
-34.296497 204.706292 49.644020 
-30.553870 206.065690 54.194763 
-27.302842 208.403550 58.503599 
-21.144412 209.172056 61.632509 
-15.300553 210.849345 63.985862 
-8.641377 211.156575 64.626679 
3.395951 211.448207 65.063742 
9.270783 211.841763 64.867069 
14.933741 210.005610 63.809472 
20.783236 209.700291 62.544571 
25.960696 207.101422 59.478506 
31.433423 205.432040 55.712925 
35.557181 202.446623 49.990710 
-39.580799 17.678745 48.862112 
-36.489203 14.483468 53.110703 
-30.873471 13.334032 56.846390 
-25.985274 10.884573 60.719793 
-19.856324 10.464738 63.090056 
-14.384954 9.296366 65.560324 
-7.608243 9.696915 66.123142 
4.718710 9.343741 66.167135 
10.897041 9.299847 65.281260 
16.862726 10.096411 63.533903 
22.723886 11.016773 61.559006 
27.764210 12.714719 58.411525 
33.578309 14.280618 55.746933 
37.744017 17.174683 51.170366 
-8.312535 212.664857 23.240136 
-15.278908 212.519410 22.613846 
-21.746625 210.259335 22.568817 
-28.086742 207.194708 22.249272 
-34.348852 204.377938 22.210615 
-40.937571 201.468918 21.969047 
-46.593532 196.387070 21.603703 
-52.045988 192.222118 21.493581 
-56.629743 185.885327 20.530328 
-61.250598 179.807759 20.078271 
-64.219677 172.848817 20.553355 
-68.274458 166.579022 21.208138 
-70.368892 160.506502 20.693484 
-74.195325 154.782067 19.733987 
-75.583651 146.786468 20.374079 
-78.213413 138.850050 20.505981 
-78.665195 131.893621 19.560679 
-80.198858 124.788622 19.587701 
-80.796507 115.784129 20.129517 
-84.440201 101.790387 20.392191 
-85.258518 97.087798 20.127045 
-85.932870 89.964521 21.036193 
-88.952098 82.383099 20.177388 
-85.084899 77.303300 20.958122 
-80.404406 72.911311 20.178132 
-75.856085 65.942447 21.114486 
-74.851051 58.987128 20.700177 
-70.124997 52.867249 20.988898 
-66.707069 45.791272 21.136513 
-61.618429 40.794323 21.378619 
-57.350203 35.517807 21.303858 
-51.908789 30.323375 21.466026 
-47.262145 24.343988 21.816883 
-41.521850 20.023282 22.654769 
-35.450426 15.672445 23.476135 
-27.789383 12.878793 24.034762 
-20.914482 9.509547 24.168343 
-10.560289 7.643655 24.513905 
6.276976 212.856452 24.175114 
13.490635 212.599138 24.422177 
20.372183 210.639102 23.916322 
26.364237 208.098659 23.851431 
33.405772 204.744702 24.285949 
40.611385 201.519639 23.975110 
46.060889 196.381726 23.803502 
52.304908 191.420298 24.035247 
56.031345 185.809587 24.058217 
59.787213 180.784080 23.304612 
63.455519 173.426467 23.496795 
67.564449 167.052111 24.402983 
70.310165 159.838875 24.646539 
73.652026 153.028517 24.840890 
75.218564 145.792094 24.401782 
77.733819 138.648157 24.190982 
78.113161 131.614679 23.338773 
79.698754 124.799488 22.658685 
80.388286 115.258213 23.499593 
84.146708 101.232186 23.775310 
85.743131 96.279128 24.202368 
86.196237 88.625030 24.042949 
87.743994 81.114545 24.049834 
83.464103 74.475790 24.814903 
78.943720 69.050125 24.784862 
75.244940 63.041594 25.224803 
72.748843 55.599257 25.312862 
67.913826 50.042080 24.350466 
64.217343 43.934216 23.311961 
59.005726 38.570189 23.235235 
54.992268 32.810467 23.656225 
49.276330 27.953752 24.620714 
44.636808 22.550615 25.060309 
38.451117 18.274236 25.083121 
31.236648 14.015301 24.578429 
24.114816 11.683544 24.398389 
17.254359 8.029132 24.735474 
7.847617 7.278031 24.918450 
-54.456392 187.091595 50.492330 
-52.493460 188.561010 54.854562 
-50.077272 190.304109 59.948891 
-48.115555 191.569451 63.420044 
-45.996577 192.577114 67.559783 
-42.150358 194.343833 72.258758 
-38.876490 195.507098 76.266253 
-35.223102 196.877522 79.582732 
-31.316818 197.881196 83.057556 
-27.431330 199.046851 85.343445 
-22.535614 199.768152 88.148856 
-17.583732 200.730173 90.009038 
-13.029286 201.330012 91.539959 
-8.690306 201.518891 93.298069 
-63.690435 174.304959 52.742829 
-61.945070 176.193427 58.020431 
-59.272894 178.180991 64.605936 
-57.018973 178.797988 70.320076 
-53.835286 180.169050 75.420532 
-50.261695 181.669838 81.057206 
-47.311736 182.549446 85.773582 
-42.358922 183.878584 91.197748 
-37.445924 184.954537 96.028664 
-32.948862 186.191504 99.334840 
-27.904049 186.836976 102.674354 
-21.755387 188.092501 105.507978 
-15.716408 188.484380 108.529863 
-9.835971 189.077868 109.740613 
-70.890590 160.501286 55.766439 
-69.362992 161.866748 62.358710 
-67.122265 163.687419 69.893453 
-64.500311 164.752365 76.597873 
-61.583083 166.214349 82.639002 
-57.893991 167.182241 89.113289 
-54.071366 167.392555 95.534203 
-48.590530 169.178202 101.135172 
-43.279182 170.223553 106.563865 
-37.352670 171.782311 110.699850 
-31.507767 172.385412 114.789474 
-25.304831 172.853608 118.293152 
-18.334163 173.392693 121.316133 
-10.677633 174.292834 123.275102 
-76.090352 145.973192 57.384902 
-75.286036 147.138629 65.691170 
-73.364824 148.425361 74.362757 
-70.636152 149.939229 81.961212 
-67.405014 151.251765 88.857669 
-63.704299 151.501773 96.065059 
-58.879514 151.618568 103.336616 
-53.923427 152.396990 109.351950 
-48.161674 153.504338 115.189855 
-41.287653 154.978826 120.655534 
-34.384867 155.035373 125.423160 
-27.159302 156.033104 129.490458 
-20.477365 156.781493 132.541584 
-12.179030 157.261898 135.253560 
-79.724035 130.955490 58.924831 
-79.294116 131.176848 67.653882 
-77.935590 132.216278 77.143730 
-75.553144 133.819995 85.861232 
-72.687740 134.751396 94.003172 
-68.666435 134.901373 101.464535 
-63.497187 135.517396 108.977945 
-57.994769 135.591943 115.816286 
-51.491292 135.923090 122.287671 
-44.706514 136.401869 128.664029 
-36.578125 136.678722 134.406473 
-29.326476 137.150696 138.155686 
-20.891971 137.715250 141.570500 
-11.845936 137.893812 144.284637 
-83.011862 114.868230 59.888080 
-82.322467 115.914942 69.598279 
-81.373231 115.956844 79.239129 
-79.450786 116.048013 89.088134 
-77.299511 116.302784 97.823410 
-72.994379 116.579118 106.696614 
-67.361778 116.565791 115.173996 
-61.451601 116.991221 121.763630 
-54.460473 116.791816 128.798405 
-47.101745 117.172406 135.052500 
-39.439816 116.269478 140.128337 
-30.651676 117.060171 144.651915 
-21.667313 118.210527 148.374516 
-12.344949 118.047360 151.007091 
-84.265694 100.265164 59.683518 
-83.432136 100.651239 70.163334 
-82.498437 100.512084 79.679510 
-81.884443 99.639307 90.267916 
-79.624114 98.718536 99.121380 
-75.631009 98.508211 108.331211 
-69.962846 98.687839 117.007476 
-63.448592 98.902317 124.511606 
-56.382883 98.672739 131.618032 
-49.260599 98.267581 137.743291 
-41.167495 97.587732 143.241826 
-32.514695 97.298209 147.729444 
-22.266159 97.524750 151.722267 
-13.264586 97.913760 154.184265 
-82.471390 85.153522 59.642372 
-82.237511 84.779403 69.019227 
-80.953856 84.217373 78.846547 
-79.456363 82.539746 88.777105 
-77.002633 81.615511 97.411725 
-73.510058 81.418131 106.171226 
-68.403531 80.736223 115.052985 
-61.959084 80.404318 122.863557 
-55.032108 79.616147 129.946526 
-48.708636 79.414821 135.915800 
-40.407287 79.110939 141.847931 
-31.875080 78.648379 146.144880 
-21.973276 77.492355 149.200593 
-12.502321 77.529879 151.529393 
-78.306136 69.301457 58.944509 
-77.478634 68.366994 67.577069 
-76.341698 67.050563 76.274181 
-74.490553 65.572738 84.929825 
-72.196726 64.563146 93.090102 
-68.340279 62.910497 101.783379 
-63.487454 61.857494 109.930063 
-57.984254 61.202001 116.833950 
-52.158729 60.863519 123.107568 
-45.417538 60.107890 128.730318 
-37.545300 59.337430 133.603376 
-28.851376 58.532950 137.373359 
-20.533539 58.918565 140.511293 
-12.135437 58.255159 142.226122 
-73.435488 56.511620 57.057297 
-72.082522 54.628405 65.290530 
-70.260752 52.579968 72.986495 
-68.407433 51.344372 80.720125 
-65.849108 50.220024 87.957446 
-62.119669 48.426366 95.066819 
-57.804129 47.604879 102.217880 
-52.971165 46.818358 108.335597 
-47.081913 45.874864 114.035665 
-40.099700 44.273516 118.522803 
-33.212446 43.154419 121.949031 
-26.226030 42.870115 125.034503 
-19.170813 43.244622 127.929772 
-11.216151 42.493340 129.014269 
-66.855790 43.568877 55.045210 
-65.058114 41.743929 62.002624 
-62.932098 40.113403 68.226605 
-60.193320 38.302814 74.351835 
-57.622614 37.284113 80.357690 
-54.531949 35.905317 86.263634 
-50.893369 34.612851 91.273082 
-46.219960 33.302099 96.352699 
-41.051993 32.143481 100.718394 
-35.003562 31.271804 104.538865 
-29.259597 30.599725 107.335811 
-23.432619 30.324116 109.672967 
-16.626752 30.192963 112.010265 
-9.103478 29.500265 112.877307 
-57.667142 31.902416 52.549648 
-55.990676 30.535835 57.187350 
-54.315670 29.351678 62.596082 
-51.746297 27.942664 66.988396 
-48.870218 26.481010 71.939620 
-45.489802 24.958815 75.649788 
-41.857789 23.612365 79.254202 
-37.794660 22.545230 82.588934 
-33.125906 21.624734 85.773368 
-28.172925 20.673381 88.482153 
-24.158382 20.606211 90.812941 
-18.929916 19.958846 92.542041 
-13.577087 19.342841 93.968194 
-7.452957 18.759949 94.654053 
2.001504 202.088337 94.083649 
7.502082 201.377169 93.182415 
12.344916 200.893455 91.714210 
17.335668 200.463286 89.765724 
22.489035 199.735467 87.055124 
27.370934 198.527337 84.540916 
31.018729 197.654920 81.661531 
34.286336 197.217775 78.084751 
38.541742 195.368530 74.853295 
41.589668 194.088638 71.146027 
44.751160 192.662330 67.147910 
47.383614 190.965411 63.418367 
50.110957 189.179417 59.401488 
52.422876 187.139907 54.900851 
3.072105 188.798366 111.183556 
8.959390 188.118938 110.466671 
14.785455 188.152540 108.300292 
21.123578 187.354443 105.592350 
26.964844 186.653860 102.316733 
32.522978 186.040059 98.191617 
37.384111 184.977078 94.184856 
42.414960 183.540303 90.056092 
45.952394 182.651408 85.122383 
49.494836 181.474823 79.905606 
52.671374 180.517382 74.266389 
56.187589 178.806418 68.469253 
58.738523 177.266764 63.675338 
60.864534 175.824719 58.090094 
3.885331 174.575996 124.135861 
11.082647 174.022445 122.934982 
17.676384 173.999859 120.304750 
24.614854 173.910460 116.930820 
30.791686 172.514957 113.934861 
37.448799 171.460625 109.335037 
42.994471 170.378989 104.666982 
48.711882 168.905280 99.286211 
53.615565 168.051595 92.866442 
57.746610 167.028978 86.820322 
60.847480 166.442241 80.225811 
63.990885 164.519613 74.320986 
66.168312 163.932955 67.515863 
68.050325 162.522727 60.646791 
4.828329 157.377741 136.023238 
13.302968 156.957836 134.458448 
20.619192 156.555808 131.512077 
28.101455 156.169302 127.516482 
35.104431 155.682453 123.473687 
42.119954 155.045756 118.340937 
48.288646 153.998309 113.078993 
53.752929 153.173527 107.100396 
59.273950 152.248790 100.256627 
63.933365 151.204374 93.180344 
67.013225 150.678873 86.906891 
70.486481 148.957720 79.351264 
72.514368 148.124970 71.698642 
74.190336 146.744257 63.238380 
5.051923 138.139966 144.962972 
14.166901 137.412191 143.252865 
22.471108 137.731090 139.932481 
30.353574 137.827721 136.379503 
38.630927 137.795687 131.364784 
45.712740 136.558844 125.924864 
51.806588 136.596321 119.999719 
58.157186 136.420189 113.320184 
63.746824 135.513801 106.425479 
68.901846 134.417084 98.718920 
72.540934 133.701713 90.646897 
75.186718 133.204699 81.787436 
76.813204 132.719653 73.873001 
77.923503 131.915714 65.327604 
5.587177 118.446058 151.789582 
15.422339 117.933996 149.715560 
24.638032 118.065789 146.204773 
33.315701 118.207876 141.742878 
41.451299 118.597082 137.119225 
49.446249 118.292995 131.276305 
56.432788 117.867475 124.752480 
63.186558 117.795488 117.870957 
69.004343 116.935615 110.558188 
73.653755 116.321093 102.513308 
77.043473 116.433585 92.597295 
79.093941 115.893442 83.088304 
80.291353 115.954095 74.290921 
81.026379 115.925771 65.175091 
6.794509 98.553466 154.834155 
16.979626 98.901456 152.483689 
26.805420 98.191558 149.201620 
35.298191 98.166657 145.261091 
44.327047 98.454125 139.932007 
51.597942 98.201674 134.318896 
58.720802 98.217304 127.628245 
65.567432 98.614735 120.561489 
71.715344 98.442246 112.237692 
76.279551 98.792238 103.422382 
79.250739 99.203275 93.695748 
81.012469 98.975884 83.535472 
82.375911 99.732492 74.349878 
82.974374 100.390198 64.687836 
7.258761 78.382795 152.082946 
16.554649 79.425941 150.685491 
26.458102 78.542429 147.523012 
35.274196 78.457431 143.373073 
43.478525 78.686236 138.364769 
50.836326 79.930389 132.202568 
57.621433 80.241336 125.706130 
63.757320 80.767035 118.899245 
69.276667 81.700591 111.356768 
73.472679 82.230444 102.250109 
76.819975 82.844181 93.245287 
78.913872 83.610601 83.031608 
80.260570 84.714374 73.434873 
81.264974 85.712520 63.605791 
5.580218 58.179957 142.879470 
15.105354 59.073446 141.615740 
23.675512 59.272361 139.235261 
31.968856 59.488075 135.799157 
40.028090 60.026067 131.398640 
47.356794 61.436168 126.574044 
53.879292 62.311910 120.367348 
59.808102 63.415928 114.175852 
64.995687 64.472422 106.912764 
68.668349 65.565487 99.340228 
71.830258 66.263240 90.280380 
74.121728 67.721720 81.310150 
75.954935 69.386023 72.354445 
76.986821 70.885339 63.955781 
5.180924 42.064050 129.210149 
13.448054 43.219679 128.909970 
20.836863 43.180465 126.881246 
28.606826 44.024390 124.478411 
35.650368 44.755430 120.918525 
42.355014 45.843377 116.928383 
48.261202 46.019972 111.343690 
54.077845 47.733717 105.295713 
59.042103 48.711015 98.498445 
62.714582 50.292735 92.127978 
65.697621 51.135745 84.665901 
68.295542 52.994433 77.232748 
70.494878 55.349806 70.084389 
71.844044 56.820050 62.237976 
4.863472 29.321957 113.084038 
11.892555 29.588558 111.944994 
17.689993 29.645717 110.562996 
23.653406 30.465945 109.246101 
30.153077 31.485520 106.969550 
36.036569 31.942583 103.610166 
41.081614 32.480925 99.381176 
46.498172 33.748826 94.323627 
50.751682 34.509375 88.658597 
54.934929 36.913633 83.149756 
57.751357 38.184141 77.586297 
60.119281 39.445359 72.027291 
62.909492 41.650131 66.068154 
64.718639 42.811464 59.805925 
3.564339 18.667588 94.790379 
8.679177 18.653586 93.863242 
13.858381 19.088033 92.605997 
18.224433 19.650103 91.687579 
23.686515 20.451787 89.981225 
29.028196 21.546038 88.501737 
33.084118 21.844203 84.817335 
36.914157 22.469589 81.348280 
41.604641 23.931845 78.097532 
45.479970 25.670268 74.811298 
48.405392 26.806547 70.358432 
51.169140 28.323422 65.763834 
53.618257 29.798099 61.214388 
55.485743 31.274999 56.971379 
-8.342395 212.474665 33.430633 
-15.678799 211.383429 33.179556 
-22.131874 209.897473 33.015628 
-29.217134 207.214355 31.509857 
-35.202558 203.979858 31.364160 
-41.217652 200.175061 31.336615 
-47.356143 195.254900 31.114304 
-52.120340 190.584487 31.175480 
-57.049001 184.681878 30.545942 
-61.411934 178.688536 30.543071 
-65.463556 172.338284 30.488933 
-68.832940 165.637302 30.778507 
-71.877855 159.458973 30.763221 
-73.966938 152.711391 30.318642 
-75.840959 145.935930 31.032003 
-77.458870 138.397202 30.731044 
-78.861793 131.192670 30.303762 
-79.999011 124.000505 30.356597 
-81.568411 115.179211 29.938956 
-83.760914 106.213748 30.252539 
-84.122285 101.114233 30.431930 
-85.896028 96.569647 30.523463 
-87.824597 88.868072 30.368072 
-86.356695 80.412381 30.685550 
-81.740261 75.398400 31.234903 
-77.930066 69.975867 31.203376 
-76.112773 62.540579 31.522354 
-73.245487 56.176007 30.904216 
-69.454967 49.740142 31.492259 
-65.091555 43.633389 31.591077 
-60.587854 38.146901 32.138215 
-55.361770 32.636774 32.281599 
-50.469819 27.405149 32.472729 
-44.844699 22.100388 33.198115 
-38.838682 18.047478 33.166096 
-32.761511 14.631362 33.042682 
-26.098090 11.486217 34.189819 
-19.795662 9.178292 34.888108 
-10.159907 6.791462 35.029499 
-0.664953 6.032293 35.594092 
5.461256 212.545261 33.921055 
12.671428 211.780863 34.369935 
20.117483 210.182710 33.968867 
26.528598 207.915924 33.508604 
33.495578 204.337370 34.220455 
39.937674 200.285377 33.889832 
45.451333 196.125211 33.485952 
51.380022 190.463525 33.598942 
55.857308 185.221272 33.636113 
59.959416 179.597838 33.554269 
64.198376 173.336090 33.211382 
67.594537 166.707290 34.179488 
70.837097 159.846376 34.216370 
73.172815 152.721352 33.921517 
75.057185 145.827732 33.789843 
76.573722 138.233813 33.736505 
78.010783 131.189563 33.427411 
79.219087 123.961394 32.988564 
81.004408 115.462960 33.553504 
82.845976 106.709761 33.346374 
84.178282 100.940952 33.878216 
85.525435 95.706211 33.481244 
87.326964 88.621912 34.037497 
85.644113 80.374410 33.762814 
80.741656 74.780094 33.693618 
77.691171 68.564329 34.504535 
74.900402 61.380176 34.049234 
71.842663 54.802048 34.146940 
67.744577 48.335010 34.029772 
63.275220 42.087253 34.331183 
58.831847 36.978738 34.036340 
53.561428 31.521865 33.820561 
48.252660 25.939292 34.796004 
43.228424 21.402255 35.096432 
37.399806 17.962930 34.975409 
30.330710 13.948463 34.141075 
23.402118 10.818929 35.616914 
16.631057 8.431745 35.764515 
8.030811 6.674577 35.540065 
-0.664953 6.032293 35.594092 
-50.704439 191.668490 45.301279 
-55.789304 185.605447 45.787032 
-60.921820 179.042365 45.881775 
-64.821357 173.105333 46.812994 
-68.596975 166.216713 47.244512 
-71.797385 159.320714 48.319066 
-74.264878 152.724639 48.679958 
-76.414847 145.023068 49.733146 
-78.101529 138.093306 49.817787 
-79.646832 130.883767 49.959615 
-81.279389 123.467271 50.825781 
-83.125667 114.457449 49.879524 
-84.187266 106.263595 50.201768 
-84.122002 100.649784 49.723107 
-84.116305 94.140466 49.343795 
-83.588629 85.853872 50.262717 
-81.542194 78.430471 50.405621 
-78.802842 71.027270 50.050912 
-76.730239 63.944021 49.952142 
-74.435584 58.117646 49.244514 
-71.701346 51.815015 48.840246 
-67.882039 44.900870 48.298974 
-63.774884 39.139199 48.217242 
-58.724569 33.654154 47.795307 
-53.696375 28.505384 46.798790 
49.534468 191.645217 47.311172 
54.196860 186.110647 49.204825 
58.555428 180.489072 49.905447 
62.669237 174.326130 50.831173 
66.059410 168.375630 51.831018 
69.718672 161.056146 51.991324 
72.720141 153.305964 52.724871 
74.931628 145.965598 53.417018 
76.730766 138.649530 53.993681 
78.485592 131.277019 54.009345 
79.849329 124.611552 54.505885 
81.618848 115.939130 54.314563 
82.829423 106.931299 53.979517 
83.660278 101.039409 53.927163 
83.815640 94.022601 53.557288 
82.413496 86.337197 53.027952 
80.654137 79.672504 53.138081 
78.237952 72.690725 53.822455 
75.907388 65.611677 54.359511 
73.278980 58.095848 52.319624 
70.444365 51.785330 51.036000 
66.181717 44.224259 51.467347 
61.502866 37.789135 51.785430 
57.052968 33.010852 50.399117 
52.375150 28.405087 49.589793 
-43.623839 197.594943 47.303255 
-39.948156 200.263092 53.078634 
-36.043579 202.289462 59.451797 
-30.919978 204.441898 64.869822 
-24.238590 206.713374 68.944084 
-17.570918 208.053237 71.780154 
-9.885408 209.129375 73.614568 
5.281773 209.349652 74.555148 
12.359455 208.861148 71.981056 
19.591336 207.472283 70.371813 
25.820174 205.975696 66.869025 
32.266775 203.233750 62.858993 
37.054656 200.938290 58.349808 
41.857241 197.789347 50.859688 
-48.582617 24.425838 43.473803 
-46.126429 21.923781 49.609786 
-43.002819 19.893921 55.931175 
-37.549339 17.386938 62.480495 
-30.958850 15.027395 66.985550 
-24.402270 13.482485 71.265463 
-17.595638 12.699217 74.611066 
-9.743042 11.911985 75.833277 
6.109670 11.831572 75.830900 
14.097363 12.374865 74.948440 
21.422845 13.424497 72.341031 
27.977002 14.522382 68.252809 
34.641290 16.747309 63.753507 
40.107293 19.079874 58.691979 
44.234314 21.520600 52.694250 
47.758764 24.506843 45.059444 
-28.451492 207.043096 45.746080 
-21.403717 209.665435 50.623114 
-11.830585 211.682110 54.228493 
7.599937 212.219341 54.274917 
16.540162 210.632704 53.034148 
25.612747 207.788918 49.537999 
-29.921060 12.441651 49.100914 
-22.311062 9.727758 53.127100 
-12.140725 8.100018 55.550744 
9.061996 7.984845 55.981208 
19.370899 9.247974 54.233682 
28.246834 12.204850 50.947555 
