-0.290550 90.882446 -27.515888 
-0.434280 88.513176 -17.405192 
-0.316551 91.046127 -7.479706 
0.463402 87.630020 3.539993 
1.328926 89.232056 15.068275 
1.199398 84.646400 24.115963 
1.069595 83.997330 34.803665 
0.539889 76.693670 43.439662 
0.138847 73.967651 54.140457 
0.930481 65.087075 60.562187 
1.403893 59.299591 69.508804 
1.807465 49.777924 74.498133 
1.851570 42.300980 82.565735 
1.593076 32.159775 85.275548 
0.852234 23.831299 92.451096 
1.598424 13.171692 93.301493 
2.240425 4.442017 100.642105 
2.579948 -7.123421 99.872162 
2.543488 -17.156174 105.022812 
1.525337 -28.564018 102.702972 
1.299042 -39.339569 105.452652 
1.180352 -49.010784 100.724762 
1.247864 -59.833313 100.073822 
1.369827 -67.881119 92.968170 
0.926514 -77.751698 89.920227 
0.954525 -83.674583 81.076202 
1.244354 -92.588680 74.902802 
0.686538 -96.286631 64.898597 
0.346054 -104.680534 57.008392 
0.312378 -106.623381 45.929064 
0.784782 -113.682308 37.224396 
0.371106 -114.424339 26.682645 
-0.157600 -119.077664 17.278542 
-1.090411 -118.288135 5.892878 
-1.886482 -121.460517 -4.769096 
-0.640572 -121.107268 -26.365105 
-86.127420 -17.136635 -23.553017 
-85.393990 -16.975975 -4.774284 
-84.763633 -16.741653 15.740646 
-82.405795 -17.306442 25.480354 
-83.124058 -17.521645 34.631577 
-78.922602 -17.269577 43.726441 
-77.541225 -17.055649 54.031311 
-70.641666 -17.633782 61.278595 
-66.746418 -17.441719 70.793518 
-58.894329 -17.596756 75.738419 
-53.090233 -17.344017 83.850220 
-44.069159 -17.881733 87.738617 
-36.641335 -17.664253 94.603455 
-26.713766 -17.716220 96.378759 
-17.864349 -16.879204 102.156723 
-7.387741 -17.276627 101.309860 
11.504727 -17.018776 100.723099 
21.026840 -16.154770 101.270828 
29.434868 -16.013741 95.360748 
39.384842 -15.488823 93.046692 
46.905632 -15.887459 85.987426 
55.818420 -15.306816 81.514786 
61.445572 -15.691078 73.428574 
69.583893 -14.644608 67.632706 
72.972183 -14.494103 58.968575 
78.940445 -14.129066 52.090576 
80.701080 -14.405396 41.750344 
84.258026 -14.444778 32.342041 
84.168167 -14.204495 22.216884 
86.170044 -13.427795 11.971107 
86.127533 -12.013634 -7.326248 
86.054276 -12.125175 -27.075951 
-7.140575 88.040436 -7.263421 
-15.066200 89.335190 -6.850044 
-21.646904 85.337418 -7.298683 
-28.885826 85.059799 -7.033424 
-35.118294 79.596954 -6.814774 
-42.293816 77.861954 -6.550797 
-47.122555 71.336433 -6.613625 
-53.942242 67.947510 -6.261620 
-57.268723 61.005676 -6.673813 
-63.263470 55.809723 -7.170975 
-65.270402 48.396797 -7.146061 
-70.814947 42.932251 -6.824684 
-71.197964 34.859726 -6.821754 
-76.051289 28.765701 -6.816879 
-75.268098 20.992073 -5.876824 
-79.546532 14.234512 -4.583305 
-78.821164 5.858047 -4.407390 
-82.830114 -1.053543 -4.348312 
-81.994383 -9.673653 -4.125118 
-83.585585 -24.057159 -4.007370 
-87.021823 -30.190712 -3.802055 
-83.346626 -37.619392 -4.698520 
-85.047653 -45.560043 -5.089157 
-80.185217 -51.617198 -4.767916 
-80.273743 -59.279518 -3.879204 
-75.793736 -65.433889 -4.125147 
-75.606714 -72.968311 -4.180679 
-69.789822 -78.977956 -4.588341 
-67.924417 -86.996639 -5.015327 
-61.527765 -91.463638 -4.362644 
-58.145893 -97.958858 -3.186363 
-51.388174 -101.361431 -3.215119 
-46.659679 -107.772617 -3.103546 
-39.228189 -109.665607 -3.408471 
-33.969883 -115.001329 -3.325447 
-25.544334 -115.746342 -4.408798 
-18.580147 -120.046545 -4.651421 
-10.004644 -118.431960 -4.456759 
7.297010 88.222433 -7.713196 
14.764908 90.130096 -7.843544 
21.787869 86.144181 -8.344639 
30.152969 85.853973 -8.209793 
35.422079 80.632040 -8.508616 
42.835159 78.786621 -8.744087 
47.076126 72.448021 -8.718350 
53.980316 69.573395 -8.585869 
57.923424 61.776085 -8.106438 
64.133942 56.667526 -8.062500 
66.304327 49.111918 -7.971639 
71.911469 43.126633 -8.114044 
72.505814 36.009232 -7.993767 
77.209930 29.844742 -8.162483 
77.025131 22.146993 -7.881632 
80.752823 15.287674 -7.193588 
80.782570 6.711212 -7.552678 
84.085770 -0.806335 -8.044205 
83.491363 -6.568767 -7.582745 
85.697502 -21.093769 -6.593781 
87.784180 -30.098007 -5.883507 
84.982620 -37.653714 -5.995979 
85.114380 -46.174660 -6.281990 
80.998627 -52.094330 -6.404869 
80.468796 -59.520790 -6.501984 
75.799637 -66.359642 -6.136576 
74.576599 -73.592354 -5.859512 
69.714821 -79.131271 -5.506458 
67.352402 -86.330013 -5.582191 
61.013107 -91.513393 -5.340004 
57.058884 -98.459778 -5.119896 
49.979683 -102.012711 -5.059944 
45.398010 -107.737957 -5.279060 
37.992386 -109.874206 -5.749260 
31.758247 -115.547915 -6.070473 
23.748593 -115.767712 -6.185658 
17.094315 -119.891791 -5.658508 
7.224735 -118.421860 -5.362000 
-68.246199 45.104553 6.601540 
-64.467341 45.934349 13.293423 
-63.576935 48.607651 20.493317 
-58.983153 48.672234 25.904999 
-57.510345 50.516205 33.157333 
-51.314875 51.542259 38.013111 
-48.402515 54.132111 44.665176 
-42.659957 54.392054 48.352491 
-39.193710 56.165405 53.368881 
-31.976357 56.222458 56.479004 
-26.320473 58.157928 61.994827 
-19.385937 57.596099 63.148811 
-13.035309 59.672012 66.730453 
-5.816093 58.376297 66.827270 
8.421351 57.133712 67.866353 
15.822479 58.251022 68.523758 
21.624649 56.554679 64.547134 
28.847038 57.265045 63.010498 
33.811676 55.673513 57.818324 
40.667831 56.071274 54.697968 
44.383232 54.085396 49.707466 
50.029770 53.957809 45.557816 
53.371363 52.266159 39.016981 
57.952255 52.030746 34.093643 
60.082306 50.042725 27.138824 
64.728546 49.405945 20.749718 
65.716782 47.002350 13.319023 
69.176834 46.499069 6.998550 
-73.662844 -76.227726 10.325920 
-70.625751 -77.251184 17.133579 
-70.334414 -79.598000 24.707634 
-65.900894 -81.237158 31.595095 
-63.981979 -84.371994 38.729301 
-58.708825 -84.286106 44.817433 
-55.808552 -86.678986 52.110031 
-48.834082 -86.922337 56.038376 
-44.335922 -89.462841 62.199036 
-36.667205 -89.035786 64.306328 
-30.734039 -91.398430 69.229843 
-23.549459 -89.608968 70.423238 
-17.213615 -91.425083 74.223526 
-8.206286 -90.344563 73.197551 
7.772163 -90.804463 72.687622 
14.670090 -92.317276 73.442184 
21.602074 -90.731464 69.595124 
28.941406 -91.994904 68.347000 
34.928828 -89.086027 64.800242 
42.423233 -89.330059 62.732101 
47.069580 -87.275833 56.389389 
53.761261 -87.298222 51.609497 
56.682930 -84.602681 45.680706 
62.125015 -84.554798 40.231880 
64.142906 -81.941597 32.426903 
68.677216 -80.867981 24.875298 
69.018661 -78.593239 17.262474 
72.010864 -77.610401 9.758850 
-49.373363 71.124542 0.423477 
-45.839043 70.970932 3.696640 
-45.171581 73.379303 7.934097 
-41.680531 73.282776 11.572289 
-40.690842 75.593231 16.260666 
-36.340584 75.290123 19.292946 
-34.736320 77.884644 22.861877 
-29.607274 77.679565 24.883354 
-25.943451 80.795166 27.591042 
-21.701988 79.671204 28.286880 
-18.008934 82.491135 30.933731 
-13.245544 80.609909 31.466766 
-9.712357 83.606140 33.267044 
-3.768269 81.255944 33.230804 
4.479442 81.314881 33.356167 
8.690010 83.584106 33.941887 
12.918705 81.242622 31.911614 
17.669968 83.055496 31.255753 
21.417175 80.263664 29.309162 
26.502625 81.594711 27.947510 
28.525909 79.549881 24.775505 
32.659653 80.691910 22.054947 
35.147202 77.765228 18.997124 
39.640778 77.905090 16.389244 
40.829071 75.472672 12.853577 
44.011063 75.603546 9.748528 
45.245667 72.944656 5.383957 
48.286713 73.162949 1.766724 
-55.056232 -100.781044 5.362968 
-51.791286 -100.854773 9.273987 
-50.646111 -103.996910 13.277245 
-46.267115 -104.175199 17.133751 
-44.436195 -107.153418 20.847260 
-39.867668 -106.653635 23.291761 
-37.013443 -109.869696 26.359779 
-32.261014 -108.906766 28.279854 
-28.881721 -111.539249 31.423820 
-24.293434 -110.239651 32.015656 
-20.737854 -112.692385 34.594170 
-15.958288 -110.707596 35.218318 
-11.356857 -113.125984 37.555428 
-5.483204 -111.025748 36.216778 
4.435341 -110.944039 36.130364 
8.153847 -113.460272 36.729568 
12.021665 -110.979102 34.685186 
17.183388 -112.844818 34.338982 
21.050560 -110.679062 31.191704 
25.944633 -111.762384 30.134628 
29.327133 -109.390760 27.548363 
34.327515 -110.011271 25.534409 
37.963730 -106.876635 23.110756 
42.605042 -106.913189 20.909935 
44.797043 -104.492277 16.466507 
48.070251 -104.783157 13.059753 
49.435089 -102.121798 9.155363 
52.878708 -101.866146 5.663612 
-78.543381 16.366638 12.659340 
-75.714001 16.798736 21.602241 
-75.289797 18.009506 30.614616 
-70.819344 17.207474 37.844200 
-69.761684 18.050125 46.356308 
-62.840828 18.913696 52.222656 
-58.822186 21.409790 60.296921 
-51.804827 20.842476 65.839577 
-46.335606 21.474930 73.492889 
-38.857337 21.806625 76.969147 
-32.769184 23.492386 82.673111 
-24.147840 22.520432 84.681356 
-17.038773 23.554703 90.062897 
-8.218376 22.778778 88.994415 
8.857079 22.629959 89.124688 
18.017090 23.646118 89.903275 
26.124504 22.456833 84.328339 
35.091583 23.225632 82.472260 
41.154610 21.825561 76.378700 
49.059235 21.784271 73.045135 
53.824478 21.792038 65.384720 
61.277084 22.109192 59.566330 
64.821136 20.593452 51.971199 
70.894638 20.568405 46.198051 
72.844131 18.772934 37.722842 
77.254288 18.080643 29.950188 
77.832047 16.541519 21.230934 
80.179199 16.397018 12.661598 
-83.496527 -47.559868 13.335159 
-80.773372 -48.973022 22.383873 
-81.246151 -51.101250 31.939018 
-77.484286 -51.856771 41.019786 
-75.897564 -53.631493 50.638596 
-70.040425 -53.246113 58.217491 
-66.530739 -54.122147 67.650436 
-58.432850 -55.368134 73.449379 
-52.782860 -57.635674 81.090317 
-44.383205 -57.552216 84.660370 
-37.559856 -59.253334 91.402939 
-27.836216 -58.348423 92.927605 
-19.578613 -59.030891 98.268326 
-8.907261 -58.969456 97.169082 
9.277908 -59.070992 97.087708 
17.860329 -60.358391 98.026260 
26.333667 -58.852794 93.334350 
35.771118 -58.879417 92.055435 
42.956886 -57.686131 85.761322 
51.373993 -57.769402 81.881256 
57.250443 -56.334091 74.171661 
65.145828 -55.703384 68.489517 
68.956131 -54.585529 59.399819 
75.285858 -54.119080 52.037903 
76.917511 -52.312275 42.303466 
80.957825 -51.613892 33.479752 
80.903138 -49.976303 23.931046 
83.236099 -49.392502 14.764832 
-82.481677 -0.333084 14.410728 
-79.925348 -0.968964 23.210144 
-80.088547 -0.158447 32.754501 
-75.516289 0.278493 41.052834 
-73.770651 1.471558 50.634293 
-66.756383 1.868845 57.528020 
-62.937176 3.439972 66.342163 
-55.244571 3.039581 71.120438 
-50.458530 3.163956 78.787338 
-40.885291 2.775126 83.501454 
-33.562294 3.849457 90.641418 
-24.516060 3.602997 91.767227 
-17.029922 4.551956 97.695709 
-7.138346 3.319438 96.263855 
10.893901 3.080480 95.834076 
20.179558 3.737778 96.769547 
27.248146 3.080694 90.905299 
36.033447 3.711197 89.619537 
43.242584 2.875626 82.540314 
52.121933 3.508698 78.644989 
57.796677 2.242142 70.540261 
65.730118 2.744675 64.579147 
69.206563 2.280950 56.266245 
75.544128 2.375046 49.357826 
77.597336 1.968254 40.127174 
81.117111 1.789978 31.245766 
81.852931 0.504049 21.464203 
84.232086 -0.795868 12.019981 
-85.998124 -32.159767 14.531662 
-82.726027 -32.837697 24.573273 
-83.716412 -34.175468 35.281616 
-79.531219 -34.631998 44.546114 
-78.573126 -34.730530 54.550674 
-71.777915 -35.271828 61.577576 
-68.381367 -35.892197 70.918793 
-60.225590 -37.031578 76.038071 
-54.585522 -37.956734 84.339676 
-45.041915 -38.040240 88.386057 
-37.826927 -38.135551 95.538452 
-28.109013 -38.627304 96.845505 
-19.511612 -39.436356 102.454788 
-8.766159 -39.371272 101.906784 
9.877522 -39.145359 102.009697 
19.143440 -39.299362 102.563751 
27.377483 -38.444763 97.516082 
36.597412 -37.905296 96.335602 
44.824758 -37.892362 89.222239 
54.645340 -38.119987 84.626221 
59.921829 -37.573235 77.050705 
68.229660 -36.695457 71.497513 
72.103134 -35.372280 62.603378 
78.592087 -35.162720 55.648544 
80.567917 -33.833054 45.275017 
84.460373 -33.053612 36.101318 
84.454849 -32.529518 26.104279 
86.486755 -31.782364 16.147865 
-74.433353 31.341110 8.407715 
-71.274327 31.302680 16.751846 
-71.278009 32.101852 25.285309 
-66.371326 32.744736 31.052166 
-64.673927 35.351990 38.346466 
-58.638873 35.324562 44.631721 
-55.111950 37.339798 52.341446 
-48.685204 37.507508 57.729561 
-44.296165 38.308533 64.477692 
-36.435730 38.598007 68.186005 
-30.371658 40.206055 73.670944 
-22.147007 40.218452 75.697770 
-15.186676 41.392471 80.097351 
-6.435536 40.983055 79.996360 
8.746674 41.156380 79.762497 
16.495056 41.872070 80.651611 
22.483265 40.569359 76.165245 
30.206139 41.189240 75.024109 
36.277596 40.191979 69.066627 
44.106628 40.409531 65.717255 
49.457611 38.329476 59.058251 
56.232437 38.085693 54.223206 
59.541199 37.054947 46.752670 
64.846085 37.257339 41.168800 
66.815231 34.926353 33.816284 
71.604507 34.591797 27.256638 
72.337112 32.452583 18.875042 
75.660553 32.119247 10.202065 
-78.843082 -63.033371 12.588753 
-76.268364 -63.730311 21.126538 
-76.371275 -65.706779 29.872635 
-72.501375 -67.015022 38.040215 
-71.221958 -69.412041 46.502815 
-65.345895 -69.474008 53.415945 
-62.508904 -71.218170 61.368866 
-54.804012 -72.232386 66.436447 
-49.285828 -74.898987 73.315598 
-41.399330 -74.577371 76.525054 
-35.086826 -75.742336 82.582657 
-26.361324 -75.217903 83.876312 
-17.858147 -77.315689 88.297546 
-8.291206 -75.712372 87.320979 
9.066462 -75.917740 87.209091 
16.962822 -77.436054 88.141937 
23.907733 -75.601034 84.554397 
32.748276 -75.918633 83.639709 
39.871269 -74.109020 77.335480 
48.488815 -74.549824 73.528061 
53.527328 -73.133907 65.883438 
60.593384 -73.035530 60.585083 
63.676209 -70.807274 53.676651 
69.347809 -70.154907 47.843132 
71.066727 -67.996117 38.517052 
75.097565 -67.452827 30.825569 
75.504303 -64.946640 22.361404 
78.159531 -63.599319 14.388931 
-60.221680 58.484360 3.951164 
-56.343042 59.110006 9.163432 
-54.731045 62.321213 14.965988 
-50.495159 62.650620 19.933998 
-48.958241 64.858627 25.218903 
-44.290726 65.081116 29.015717 
-41.949921 67.520660 34.169533 
-36.784985 67.806046 36.782539 
-33.613617 70.339905 40.977737 
-27.563360 69.380269 43.377302 
-23.063988 72.035919 48.194527 
-16.736755 70.586044 48.694191 
-11.589767 73.480423 51.957397 
-5.711281 71.521088 51.333191 
5.695170 71.647486 51.497136 
11.986008 73.809937 52.109711 
17.309430 71.042053 48.756584 
23.445412 72.346664 48.673531 
27.538742 69.903099 44.663223 
33.929153 70.678452 42.561913 
37.841141 68.308990 37.523056 
43.418411 68.557297 34.033684 
45.353322 66.627640 28.820630 
49.518661 66.749283 24.818031 
51.393799 63.959534 20.009613 
55.596542 63.419113 15.298958 
56.823476 60.541046 9.840014 
60.465576 60.031815 4.782639 
-65.429066 -90.026844 6.947014 
-61.657867 -90.577286 12.766724 
-60.653553 -94.088161 18.390999 
-57.062046 -93.416684 23.751999 
-55.741020 -96.406208 29.709000 
-50.520321 -96.468094 34.448334 
-47.180492 -99.688107 40.252205 
-41.566165 -99.334985 42.463849 
-37.784370 -102.423906 46.204613 
-31.639954 -100.637656 48.460957 
-26.597061 -103.091183 53.052368 
-19.615631 -101.436518 53.439118 
-13.222214 -104.052982 56.410080 
-6.664932 -101.740458 55.426524 
5.628586 -102.108658 54.756027 
10.964806 -104.450689 55.509720 
17.581227 -101.696301 52.788300 
24.485168 -103.141581 52.444000 
29.388546 -100.520919 49.289440 
35.757935 -101.715849 47.283066 
40.239128 -99.110155 42.698426 
46.104156 -99.255955 39.712715 
49.279897 -96.322736 34.448690 
54.478531 -96.119568 29.838280 
55.704651 -93.506574 23.641286 
59.598236 -93.806347 18.794342 
60.267319 -90.820446 13.469994 
63.913177 -90.390835 8.149117 
-36.380419 78.315684 -2.997627 
-32.847813 82.252777 1.223457 
-27.453041 82.361145 4.123634 
-23.888878 85.646072 7.891350 
-17.489594 85.215195 10.558182 
-11.718422 88.097229 13.381104 
-5.143511 86.576345 13.840357 
6.967129 86.800163 13.261871 
12.714455 88.622299 12.295494 
17.350288 85.886185 9.933617 
23.038330 86.868347 8.204170 
27.801441 83.324317 4.959449 
33.397415 83.269363 1.453171 
37.032707 79.341721 -4.017445 
-41.360443 -108.494553 1.027512 
-38.530041 -112.672670 5.474976 
-32.734674 -112.686406 9.048909 
-27.995216 -116.244258 12.403343 
-21.883915 -115.759024 14.149395 
-15.759651 -118.255147 16.623528 
-8.080857 -116.820294 16.349293 
5.923302 -117.099184 15.592834 
11.980911 -118.578345 14.929588 
18.557869 -116.102977 13.042315 
25.620712 -116.235300 11.536873 
29.945935 -113.223731 8.159420 
34.968262 -113.516947 4.928452 
39.515121 -109.127657 -0.137054 
-7.742363 87.672661 -26.500369 
-15.428253 89.516190 -26.433453 
-21.946106 85.012314 -25.309034 
-29.558861 85.416199 -25.621174 
-35.889313 79.632431 -25.510048 
-43.433064 78.955612 -26.332531 
-47.995998 72.749614 -25.424832 
-55.249718 69.431213 -24.725006 
-57.834670 62.161065 -24.537488 
-63.690552 56.305679 -24.515347 
-65.412716 48.618317 -24.516945 
-70.719393 43.466171 -24.310818 
-72.068355 35.085403 -24.127514 
-76.627516 28.318695 -23.804535 
-76.289763 20.193832 -24.120186 
-79.736790 12.861084 -23.631439 
-78.783867 5.603882 -24.096577 
-82.311658 -0.873825 -24.205219 
-81.408446 -9.324570 -23.646248 
-83.245846 -24.370516 -23.405232 
-89.993339 -30.535347 -23.261395 
-83.495395 -36.847030 -23.477144 
-89.941086 -45.206299 -22.600296 
-80.361284 -49.848857 -22.845390 
-81.169270 -57.999794 -23.591633 
-75.808628 -63.779640 -23.433767 
-74.892857 -71.691616 -23.420017 
-69.213579 -77.267733 -23.593687 
-66.794102 -85.052731 -24.007435 
-59.891605 -89.863771 -23.406689 
-55.897919 -96.814690 -23.854019 
-49.396442 -100.237238 -24.240009 
-44.897209 -106.645527 -25.532234 
-37.141769 -108.577625 -24.879063 
-31.884888 -114.404963 -24.495342 
-23.703812 -114.368395 -24.243141 
-17.466721 -119.093579 -25.243107 
-9.093129 -116.985921 -25.390206 
7.351921 87.579926 -27.181834 
15.401566 89.699722 -27.159332 
21.440506 85.432709 -26.076794 
28.952469 86.183304 -27.659973 
35.032563 80.589625 -26.756705 
43.235733 79.067703 -27.200214 
48.794291 73.110611 -27.474983 
56.284485 69.474289 -28.370979 
58.992905 62.096695 -28.170036 
64.970184 56.771912 -27.510525 
66.177684 49.220667 -27.028667 
71.531631 43.959457 -27.237991 
72.924897 35.359336 -27.788237 
78.140442 28.272385 -27.995708 
77.613235 20.671127 -27.374142 
81.133987 13.315903 -26.774014 
80.503448 5.604279 -26.619461 
83.450378 -1.400085 -26.656879 
82.532974 -7.126347 -26.877520 
84.599426 -21.730331 -26.331917 
90.940536 -30.638931 -26.628139 
85.531456 -37.223129 -26.839834 
89.302353 -46.359596 -25.662971 
80.524941 -50.909474 -25.431715 
80.790482 -59.595055 -26.127464 
75.354584 -65.233246 -26.322186 
74.184525 -72.834511 -27.105988 
68.308701 -78.451267 -26.398170 
65.249100 -86.180683 -26.046772 
59.251302 -90.358617 -26.069018 
55.651199 -96.577381 -26.859623 
48.998703 -100.366256 -25.999613 
44.565948 -107.010513 -25.916031 
36.376892 -108.596600 -25.159260 
30.796883 -114.619593 -25.927921 
22.433520 -114.400494 -25.210967 
15.256439 -119.716528 -25.192562 
7.382805 -116.839741 -25.540483 
-53.604414 63.884850 1.979756 
-51.384857 65.394890 6.427967 
-48.861688 66.970515 11.118625 
-46.306881 68.290710 16.120544 
-43.847216 69.237915 20.294332 
-40.755325 70.298279 24.265444 
-37.290077 71.413803 28.250808 
-33.333225 73.016129 31.307037 
-29.295063 74.154442 33.659534 
-24.555076 74.865692 36.286918 
-19.501907 75.518143 38.708366 
-15.500885 75.876602 40.483643 
-10.439870 76.511053 41.614288 
-4.681674 76.801143 42.726720 
-62.991344 50.976433 4.987065 
-60.648273 52.790705 11.427379 
-58.055092 54.537033 16.970138 
-55.243819 55.708694 22.926700 
-51.873957 56.790873 28.660098 
-48.177027 58.419785 33.363540 
-43.832081 59.892196 38.837769 
-39.459547 61.533074 42.681999 
-35.470796 62.280756 46.394608 
-29.923565 63.300483 50.194931 
-24.243920 63.326447 53.957970 
-18.398255 64.142471 56.247909 
-11.745304 65.097771 58.163894 
-5.888214 65.561226 59.281616 
-69.945306 37.583222 7.434185 
-68.087008 38.788681 15.095329 
-65.768007 39.286453 22.745941 
-62.782894 41.094284 28.473423 
-59.521350 41.773163 35.096120 
-55.326851 43.281395 41.599877 
-50.864268 44.832616 47.970413 
-45.732490 46.155113 53.477844 
-40.984489 46.773315 57.914734 
-34.279242 47.906014 62.449638 
-27.471527 48.095169 66.958934 
-21.110603 49.062332 69.722595 
-13.927292 49.806788 72.196564 
-6.053251 49.808436 73.960882 
-74.596336 23.154732 10.379792 
-73.606668 24.369797 18.999660 
-71.866771 23.865448 27.482937 
-68.907650 24.970299 34.346004 
-65.207273 25.935043 41.687119 
-60.948714 27.414408 48.371132 
-56.004005 28.873230 55.284920 
-50.385727 29.048279 62.091431 
-44.352937 29.015238 68.214274 
-37.890930 30.014092 72.850891 
-30.677460 30.955108 77.064926 
-23.372945 31.293823 80.627055 
-15.383843 31.526168 83.351670 
-7.784695 32.067261 84.728150 
-78.455110 7.297416 13.302173 
-77.921209 8.234222 22.358627 
-76.344618 8.257039 31.295242 
-73.499708 8.906387 39.571377 
-70.057553 8.709940 47.305109 
-64.836589 10.520065 55.207616 
-59.411958 11.715200 61.934316 
-53.405220 12.323853 68.618042 
-47.442589 11.509506 74.840103 
-40.089127 12.322698 80.441788 
-32.195957 12.992965 84.770805 
-24.390404 13.015513 88.483811 
-16.466171 13.189748 91.005585 
-7.660960 12.965901 92.819366 
-81.745642 -8.783146 14.900535 
-81.382492 -9.038960 24.244881 
-80.112818 -9.162381 33.177658 
-77.429341 -8.515030 42.493305 
-73.578941 -8.493297 51.557495 
-68.904946 -8.160293 59.477127 
-63.051926 -7.684072 67.174078 
-57.007897 -7.068699 73.802330 
-50.543087 -7.552433 79.957993 
-42.748181 -7.576248 85.827896 
-34.497600 -7.421836 90.699265 
-25.791840 -7.060249 94.318588 
-17.181297 -6.925125 97.306007 
-7.306621 -6.555401 99.306549 
-83.500648 -24.425404 14.717045 
-82.647746 -24.757599 25.085846 
-81.646296 -26.097214 34.619400 
-79.701628 -25.871727 44.368912 
-76.087833 -25.896871 53.546173 
-71.569281 -26.720741 61.871109 
-66.272374 -26.851028 69.332413 
-60.088668 -27.650782 76.329219 
-52.754298 -27.441471 82.715088 
-44.689124 -27.849093 88.623840 
-36.725960 -27.864300 93.039467 
-27.582939 -28.083420 96.883636 
-17.946754 -28.070340 100.140823 
-8.082981 -28.526204 102.311303 
-82.884299 -39.894123 13.653087 
-82.359439 -40.594622 23.744888 
-81.157030 -42.487963 33.464610 
-78.873762 -43.672188 42.886638 
-75.754810 -43.619316 51.783218 
-71.387815 -44.504644 60.315933 
-65.955002 -44.797951 68.116190 
-59.436065 -46.214637 75.382874 
-52.917171 -47.385117 81.267700 
-44.868626 -48.133823 87.253876 
-37.017197 -48.178551 91.863301 
-28.029259 -48.973892 95.577454 
-19.085370 -48.428907 98.499628 
-9.029190 -48.977696 100.266754 
-79.269091 -54.851845 12.831665 
-78.715038 -56.503357 21.654800 
-77.685734 -58.301044 31.074821 
-75.333992 -59.726600 39.684120 
-71.977249 -61.036603 48.005216 
-68.089084 -61.374387 55.993103 
-63.179688 -62.282280 63.612747 
-57.003738 -63.995956 70.223984 
-50.180042 -65.262695 76.331161 
-42.967674 -66.570244 81.163300 
-35.835644 -66.594937 85.307932 
-27.682721 -67.104702 89.023659 
-18.504684 -67.554268 91.495911 
-8.670258 -68.121235 92.747559 
-74.522385 -68.848394 11.176625 
-73.728796 -70.387655 19.098389 
-72.310480 -71.985478 26.943669 
-69.522689 -74.335218 34.877361 
-66.377008 -75.855293 41.931381 
-62.429839 -77.218480 49.079313 
-58.081314 -77.799954 55.796181 
-52.276382 -79.470226 61.531143 
-45.768090 -81.022887 66.729497 
-39.444359 -82.110394 70.648941 
-32.042924 -82.482667 74.858363 
-25.154805 -82.690539 77.674507 
-17.283047 -83.039846 79.839164 
-7.942260 -83.645588 80.881256 
-68.089237 -82.254124 8.660618 
-66.406218 -84.376919 14.978015 
-64.532287 -85.942805 21.302418 
-61.911856 -87.501719 27.763821 
-58.747808 -88.895176 33.770434 
-54.768457 -90.549670 39.586093 
-50.405499 -91.831841 45.313560 
-45.472473 -93.330883 49.605766 
-40.608617 -94.214320 53.304146 
-34.279466 -95.093140 56.853439 
-27.966804 -95.521581 59.964928 
-21.475266 -95.819031 62.288839 
-14.768982 -95.999748 64.085449 
-7.742236 -96.424918 64.388718 
-58.959160 -94.435318 5.971840 
-56.608189 -96.129517 11.048286 
-54.391510 -97.638869 15.587835 
-52.100922 -99.012203 20.220551 
-49.265099 -100.398445 24.670727 
-45.086109 -102.002588 29.222287 
-41.001554 -103.358519 32.502274 
-37.112467 -104.296933 35.367810 
-32.846710 -105.039602 38.055283 
-28.343846 -105.482820 40.375405 
-23.180870 -105.697619 42.931962 
-17.610069 -106.273849 44.313110 
-11.820457 -106.170246 46.068855 
-5.959183 -106.649858 45.956619 
5.343073 76.993831 42.643814 
9.939880 77.028229 41.792961 
15.349314 76.698903 40.468915 
19.899434 76.126267 39.224324 
24.553814 75.594650 37.160420 
29.754051 74.748474 34.614464 
33.529747 74.504661 31.276470 
37.465171 73.569252 27.891629 
40.427699 72.814214 23.956222 
43.599457 71.482269 20.248802 
46.450266 70.063060 16.017110 
48.814537 68.649200 12.217534 
51.326332 67.092781 7.626530 
53.727615 65.366226 3.272415 
7.424743 65.056040 59.974915 
13.502716 64.572449 58.906937 
19.869771 64.168411 56.764547 
25.275220 63.307444 54.924804 
30.687122 62.927895 51.915810 
36.308541 62.374214 48.000618 
41.661438 61.106064 43.954559 
45.658463 60.694931 39.220139 
49.289444 59.971863 34.302544 
52.824036 58.538991 29.160098 
55.827079 57.262398 23.987553 
59.111572 55.444809 17.647873 
61.651988 53.780919 11.619456 
63.510269 52.366356 6.050766 
8.580990 49.408355 74.275063 
15.344017 48.995524 72.985265 
22.558578 48.584686 70.815948 
29.011238 48.015129 67.978492 
35.324509 48.147781 63.623459 
41.532722 47.358063 59.191483 
47.405212 46.281697 54.311656 
52.404221 45.302241 49.117617 
56.541992 45.047638 42.999440 
60.326492 43.908066 37.193736 
63.677139 42.700165 30.730458 
66.561981 41.416779 23.742752 
69.427421 39.353248 16.039982 
71.030136 38.271469 8.683830 
8.547081 32.505592 84.646919 
16.948974 32.001579 83.095772 
24.443611 31.831818 80.478630 
31.632128 31.309814 77.330953 
39.079564 31.304820 72.893982 
45.942605 30.641098 68.134445 
51.838521 30.095744 62.653315 
57.455536 29.195114 56.314735 
62.104980 29.205022 49.549355 
66.172218 28.273323 43.084915 
70.051208 26.585617 36.069641 
73.175217 25.612595 28.222126 
75.256585 24.646988 20.115128 
76.378472 23.780945 11.107571 
10.004768 12.959055 92.722376 
18.454366 13.063594 90.622920 
27.009147 12.842705 87.667007 
34.609497 12.590373 84.299448 
42.175140 12.682098 79.707275 
49.235906 12.010636 74.380880 
55.947082 12.290428 68.231850 
62.368622 11.793289 60.761772 
67.218068 11.784261 53.945491 
71.716469 11.013168 46.766735 
75.296646 10.542664 39.190956 
78.138451 9.750534 30.459495 
80.001648 8.686752 21.207436 
80.926552 7.235603 12.493782 
11.585159 -6.931470 98.748744 
20.045731 -6.667797 96.621888 
28.832314 -6.410957 93.395599 
37.025300 -6.047558 89.428177 
45.280594 -6.809372 84.536591 
52.571447 -6.356313 78.688228 
59.841537 -6.301506 71.847443 
66.138894 -6.468776 65.063064 
71.309235 -6.116600 57.418640 
75.962158 -6.454758 49.802658 
79.298600 -6.212117 41.076279 
81.644966 -6.338699 31.763740 
83.139648 -6.817955 21.683548 
83.937811 -7.210561 11.968272 
10.980323 -28.336819 102.009934 
19.571560 -28.178680 100.136070 
28.928528 -27.150074 96.958076 
37.421062 -26.958623 93.357279 
46.493261 -26.782211 88.129807 
54.699539 -26.848839 82.082250 
61.672753 -26.555317 75.555938 
68.008767 -25.851684 68.521180 
73.372569 -24.967773 61.144918 
77.809899 -24.966137 53.111030 
81.408058 -24.125279 43.670517 
83.606461 -23.690231 33.684349 
84.859833 -23.322956 24.506233 
85.654793 -22.564534 14.272472 
9.317207 -49.436783 100.135345 
18.100212 -49.453972 98.563179 
26.791829 -48.745114 96.285179 
35.652962 -48.160358 92.833786 
44.426946 -47.643567 88.187048 
52.436406 -47.687256 82.239837 
58.922582 -47.298681 76.003555 
65.356155 -45.818881 68.926661 
70.963501 -45.217132 60.846206 
75.412318 -44.449206 53.151006 
79.093124 -43.323797 43.946335 
81.668594 -41.899392 34.575481 
83.086182 -41.574768 25.055439 
84.214958 -40.695873 15.166764 
9.333862 -67.932046 92.803566 
16.954842 -68.068724 91.705043 
25.463384 -67.336448 89.697810 
33.458237 -66.448754 86.638824 
41.720856 -66.360430 81.845922 
48.894752 -65.648033 76.843269 
55.845489 -65.417053 70.290660 
61.719498 -63.735787 64.037430 
66.760437 -62.795853 56.691437 
71.093379 -61.246117 49.400396 
74.331490 -60.373688 40.356690 
76.769069 -58.952070 31.870506 
78.235784 -57.761472 22.953125 
79.456497 -55.933182 14.275917 
8.664249 -83.749912 80.594796 
15.690155 -83.449600 79.806473 
22.964821 -83.435829 77.601227 
30.418908 -83.030867 74.725914 
37.754501 -81.910713 71.353683 
44.665382 -80.688603 67.278610 
50.650965 -80.421397 61.241496 
56.207512 -79.364468 55.277573 
60.548187 -78.181763 49.562172 
64.266685 -76.708212 43.342526 
67.959656 -75.042267 35.528961 
70.591156 -73.474182 27.602661 
72.507119 -71.687353 19.856887 
73.739593 -69.996854 11.921272 
6.778178 -96.890933 63.874558 
12.298428 -96.579075 63.709106 
20.087406 -96.459595 61.542541 
26.686104 -95.915768 59.507462 
32.469101 -94.996203 57.628388 
38.367783 -94.023426 54.588623 
43.758522 -93.677368 49.784810 
48.810806 -92.267738 45.134193 
53.386589 -90.459980 40.252804 
56.876458 -89.038028 34.734955 
59.906502 -87.964152 28.012673 
62.876938 -86.501095 21.218582 
64.961273 -84.985106 15.422508 
66.740463 -83.260656 8.899833 
4.899971 -106.799820 45.397247 
9.645744 -106.724048 45.050245 
14.725003 -106.720294 43.658123 
20.600872 -106.196193 42.221970 
25.409248 -105.845309 40.135768 
30.243889 -105.202715 38.150208 
34.951614 -104.557481 35.162928 
39.652578 -103.309751 32.079564 
43.761978 -101.997146 29.065193 
47.497457 -100.521727 25.121208 
50.687989 -99.172044 19.960182 
52.605647 -98.228583 15.577881 
54.740494 -96.840349 11.537098 
57.264885 -94.953995 6.923610 
-7.254841 88.464295 -16.887482 
-15.071121 87.910446 -16.617355 
-21.943203 86.245002 -16.809988 
-28.862106 83.558289 -16.323147 
-35.874243 80.016976 -15.851803 
-41.800423 76.691879 -16.500557 
-47.498473 72.419052 -16.224325 
-53.040752 67.060791 -15.879130 
-57.645254 61.767662 -15.519440 
-61.869292 54.972015 -16.291319 
-65.353785 48.795052 -15.546644 
-68.656771 42.117132 -15.507686 
-71.537674 35.038331 -15.165163 
-73.998974 27.666977 -15.333795 
-75.786352 20.207619 -14.700314 
-77.277237 13.232795 -13.898047 
-78.802278 5.652496 -13.923332 
-80.219428 -1.604228 -14.380906 
-81.789624 -9.684052 -13.878075 
-82.906185 -17.285862 -13.766975 
-83.319170 -24.211296 -13.672195 
-83.393541 -30.277436 -13.107170 
-83.178048 -37.268162 -14.217695 
-82.173473 -44.312386 -13.794807 
-80.527254 -50.729084 -13.781243 
-78.359367 -57.977997 -13.796471 
-76.065958 -64.380646 -13.689947 
-73.223319 -71.619624 -13.754028 
-69.763735 -78.557964 -14.179070 
-65.819786 -84.934494 -14.638386 
-60.793176 -91.156032 -14.108713 
-56.017555 -96.168804 -13.633438 
-50.537949 -101.391623 -13.839111 
-44.637670 -105.889250 -14.157147 
-38.428145 -109.567704 -14.289243 
-32.079067 -112.782686 -13.511961 
-24.679298 -115.591892 -14.393883 
-17.758137 -117.235908 -14.665764 
-9.380340 -118.186478 -15.042493 
-1.582657 -118.253291 -15.626553 
7.150452 88.484604 -17.584446 
14.819851 88.100479 -17.756220 
21.754494 86.821930 -17.171562 
28.995392 84.197411 -17.532888 
35.681112 81.052032 -17.652898 
42.138413 77.303978 -17.922604 
48.177673 73.124901 -18.181864 
53.602925 68.197123 -18.712154 
58.356849 62.279175 -18.336508 
62.625847 55.655838 -17.521665 
66.364990 49.107971 -17.696701 
69.752803 42.362691 -18.012619 
72.659813 35.575554 -17.755261 
75.138382 28.326897 -17.829769 
76.997162 21.689240 -17.549438 
78.849467 13.849604 -16.841491 
80.464126 6.066948 -17.401568 
82.127701 -1.348618 -17.458521 
83.135071 -6.586296 -17.271961 
83.988472 -12.511040 -17.405737 
85.050300 -21.251419 -16.333443 
85.576177 -30.319679 -16.165332 
84.674525 -37.210574 -16.125073 
82.803604 -45.207794 -15.739634 
80.785843 -51.667290 -15.975263 
78.342063 -58.889542 -16.510716 
75.721322 -66.179142 -16.196302 
72.871429 -72.666309 -16.590000 
69.265732 -79.142070 -15.906468 
65.185386 -85.377960 -15.893047 
60.481110 -90.917652 -15.914322 
55.049810 -96.478458 -15.726178 
49.460190 -101.675417 -15.338688 
43.717621 -105.847816 -15.332755 
37.239662 -109.572815 -15.741074 
30.121765 -112.856571 -15.642113 
23.242863 -115.382608 -15.375500 
15.606214 -117.224186 -15.240945 
7.464066 -118.072854 -15.148113 
-1.582657 -118.253291 -15.626553 
-50.283101 68.063298 -2.859637 
-55.513081 62.567428 -2.838783 
-60.387638 56.015808 -1.612705 
-64.233379 49.811394 -0.945587 
-67.705742 42.987640 0.375717 
-70.811298 35.844170 0.473785 
-73.112259 29.220619 0.742107 
-75.127798 21.862885 2.378571 
-76.666519 15.006073 3.743996 
-78.584263 6.784637 4.586960 
-80.347230 -1.221001 4.898655 
-81.873241 -9.062054 5.185379 
-83.176968 -17.245491 5.440899 
-83.604433 -24.370992 5.203107 
-83.608885 -31.339485 5.228706 
-83.205594 -38.841710 4.316959 
-81.772768 -45.876174 3.954090 
-79.586782 -53.461937 4.156097 
-77.303907 -60.625069 4.402100 
-75.221478 -67.102783 3.335785 
-72.514489 -73.846435 2.908101 
-69.073181 -80.490521 1.910209 
-64.829052 -87.250126 0.761456 
-60.624031 -92.730011 1.079231 
-55.535258 -97.870726 0.876755 
49.736389 69.746124 -3.190780 
55.877205 63.760552 -2.459294 
60.946981 57.202545 -1.677612 
65.034668 50.973267 -1.195030 
69.000773 43.989013 -0.559919 
71.925377 37.142502 0.206086 
74.524623 30.269394 1.206805 
76.652318 23.405075 1.523990 
78.923477 15.243683 3.027443 
81.157272 6.932297 2.318211 
82.846741 -1.290863 2.116180 
83.992890 -7.182068 1.937073 
85.013168 -13.075798 2.096146 
86.037811 -21.430794 3.837669 
86.240295 -30.820263 4.773694 
85.051163 -38.896439 4.773499 
82.700500 -47.275879 4.292671 
80.264923 -54.439964 3.715782 
77.707214 -61.273170 3.963219 
74.844246 -68.351278 2.700489 
72.043419 -74.608607 1.599011 
68.588674 -81.046045 1.625028 
64.301559 -87.396258 0.987347 
59.393555 -93.139092 0.937325 
53.905614 -98.793639 0.485428 
-42.783272 73.840378 -1.408813 
-38.175696 76.298518 4.587245 
-33.931342 78.606267 10.066103 
-28.806305 80.647209 15.063362 
-21.140610 82.768799 18.681747 
-14.122429 83.632477 21.734261 
-7.250755 84.326263 23.558121 
7.747378 84.529058 23.381028 
15.324089 84.166687 21.436264 
22.079647 83.279602 19.099137 
27.657372 82.421722 14.611992 
33.342231 80.516220 10.346741 
37.767136 78.356303 5.471496 
42.205470 75.634221 -1.076172 
-51.388174 -101.361431 -3.215119 
-47.535343 -104.278641 2.899948 
-43.765121 -106.928539 8.950264 
-38.034054 -109.414135 14.858902 
-31.860129 -111.501894 19.405109 
-25.426159 -112.941575 22.804447 
-17.898422 -113.921519 25.443972 
-9.665748 -114.272659 26.523277 
6.736610 -114.676786 25.576218 
14.334256 -114.432889 24.387037 
22.082607 -113.596330 21.365474 
29.061020 -112.032947 18.293369 
36.132268 -109.881577 14.136111 
40.527435 -108.096196 8.992630 
45.823868 -105.126447 2.805062 
49.979683 -102.012711 -5.059944 
-26.982063 83.086970 -2.977953 
-18.882236 85.545891 0.451595 
-9.068372 87.190638 2.981224 
9.990112 87.398399 2.345860 
18.193576 86.322754 0.336744 
27.268173 83.984634 -3.112297 
-31.792709 -113.260599 0.503906 
-22.766083 -116.530379 3.851326 
-13.074150 -118.038460 5.935944 
9.597702 -118.101583 4.975723 
20.905819 -116.416660 2.917420 
28.970672 -113.922884 -1.069366 
